19.9104
1.17182
2.2505
13.2596
1.76262
4.84417
13.7595
9.3113
5.81022
9.24749
9.53944
7.98516
2.59401
10.1916
5.43943
1.21794
4.69093
3.49545
1.67233
1.59695
0.198406
2.79055
1.43168
13.1161
6.5627
11.8178
8.10023
5.07215
6.19617
1.33139
2.39233
0.815974
0.420664
7.80717
9.03282
7.61654
8.86009
0.683134
8.63714
0.744046
0.906113
5.13695
1.54943
2.31417
0.563992
0.897524
5.94659
0.557857
2.34718
11.6752
1.72139
4.03053
0.99522
3.60041
8.44495
1.23514
4.15994
0.29951
2.54748
5.20211
1.33245
5.28661
9.25975
3.16758
1.15482
4.44884
7.45186
8.29619
8.6206
4.7393
0.614009
2.84899
0.651169
4.09786
4.67722
3.85399
9.79563
7.39398
15.7557
3.22144
10.5959
0.995795
9.30808
10.579
3.47992
7.34608
2.94008
0.305184
7.18399
6.32408
5.07698
9.00876
1.02518
0.278902
2.54205
0.848026
1.85853
3.35269
4.14985
6.93777
7.74609
4.04167
6.10811
8.90461
7.70781
8.42647
0.658071
0.857854
0.379535
10.4289
0.87773
2.59517
1.31704
1.00693
8.08151
8.41718
1.40488
4.09499
14.1947
11.2219
0.918712
4.83544
3.2732
11.8658
1.30112
8.32877
7.36267
16.2215
4.1584
10.1966
18.4598
5.83817
1.98885
7.64831
6.4863
2.0158
1.4099
4.23108
1.06244
18.9675
0.848946
7.86543
0.181485
3.46549
10.5504
2.26254
7.13127
1.8062
3.73915
8.29797
10.859
7.82651
0.551144
0.841871
4.75001
9.80061
4.63429
13.1012
15.8052
2.80193
1.50495
2.89579
7.89944
8.37861
7.12633
0.685714
9.63127
9.18322
1.84988
2.05876
13.9587
3.91148
2.81883
0.00160034
11.2342
0.0241269
1.19568
0.0763818
7.06191
9.10039
7.19791
14.2884
5.04648
5.62362
4.47196
8.84724
6.56323
8.37931
13.5711
0.154032
2.22535
11.2466
2.42146
2.63636
2.43832
13.0155
10.8756
9.44333
5.77693
3.7077
1.58973
0.513754
2.32462
0.128484
1.85089
3.39742
4.36946
3.26493
4.15073
0.819658
10.207
1.18792
2.24962
1.2517
12.8265
8.34984
0.940464
1.97795
3.58799
3.2069
9.04684
2.20266
8.54879
5.10188
0.823503
1.07862
8.35772
8.96195
15.6511
8.59867
6.13154
8.34774
13.6447
6.90804
9.6924
12.1771
7.99055
8.18891
6.52952
13.5272
1.17193
2.80757
13.4683
0.757824
7.29796
13.7231
16.4761
0.47551
5.1357
8.34614
6.05822
6.69687
8.51837
4.48804
6.45483
0.490711
7.63643
3.43718
1.666
0.0143332
5.0221
1.40755
0.144848
11.9363
9.22803
4.21436
3.83276
9.5528
4.11536
1.40472
6.50915
0.932666
2.61761
4.87616
12.9409
12.7626
0.49616
7.1724
5.35198
7.39493
0.916904
7.75706
0.943962
7.88897
2.07845
3.36203
6.75755
8.16818
6.07728
0.126661
1.34868
17.5991
6.44387
7.6276
6.8451
5.36075
2.75879
3.55272
11.52
9.70742
6.92428
0.161123
0.0792339
8.62455
2.08605
9.1997
19.9904
9.3915
4.84387
10.4849
7.36092
11.9117
0.37613
9.23463
3.29198
0.241734
9.77611
10.6999
2.92146
0.554439
1.68088
1.08796
3.61073
5.65512
10.3014
0.268569
0.819599
6.47261
10.6204
1.52208
1.82749
19.0262
2.01455
11.6842
10.8546
2.49746
0.218647
8.74687
1.42713
5.25072
0.140098
8.21751
10.3295
10.2348
4.78779
5.76355
9.84399
2.81648
8.63701
3.94586
10.5088
13.1929
6.08686
8.80883
3.31904
7.81082
0.301799
1.11194
11.5475
8.9754
14.0087
4.00857
0.927592
4.13825
4.55874
3.72921
2.19628
2.20936
13.6068
10.1909
14.5
19.9039
13.2578
1.91916
0.0431835
4.21726
8.23885
5.03602
0.136566
10.6109
0.749506
0.636129
11.6458
4.23525
12.0135
6.07177
9.53203
10.3598
5.67992
0.366667
0.358742
11.8373
1.04377
4.80606
0.451347
2.23588
12.7266
5.22183
6.2696
10.1366
7.76873
2.52537
0.316354
1.9514
8.86003
8.18923
7.04019
1.05456
10.0556
8.09551
10.9793
10.2837
0.478375
0.461819
11.6512
9.51181
0.472499
10.9419
9.76384
8.41252
1.78911
4.47147
12.8469
8.09004
4.44228
11.5971
6.46182
0.197294
9.64727
2.92602
7.11132
1.63551
7.73202
6.40043
10.1604
14.0517
3.61853
18.9193
9.33531
4.27186
3.54028
0.86133
5.67345
10.6365
12.2825
10.5145
4.23481
2.0972
8.081
9.64008
8.10689
5.16364
10.6647
7.3542
4.4095
6.08954
3.16547
7.94598
12.2658
2.18494
0.844785
14.3186
8.60889
4.19989
7.49396
3.1961
1.8226
2.43125
8.80635
0.314088
4.96943
0.550223
0.850881
18.0313
3.0378
9.61103
11.948
3.5445
10.3839
2.96639
2.08802
3.18587
9.42831
6.7119
4.91764
8.22954
2.73219
10.9732
10.6207
1.14498
2.66748
13.3911
0.652359
1.75682
11.0878
3.09142
16.4104
0.209364
10.5619
5.38847
4.91742
14.1613
13.9136
8.36362
11.091
4.38346
2.7777
0.394448
4.32927
1.63384
2.92751
5.9953
2.61543
11.7035
4.92803
1.99433
14.54
12.1033
1.71777
2.72701
2.29174
1.00918
0.68097
1.41619
2.51643
11.2811
3.48049
9.95848
1.48893
16.6861
11.4982
0.759323
3.02832
6.10385
8.50393
7.73298
3.1329
0.533136
1.48897
8.90659
9.31201
9.65137
1.88999
8.14044
11.5803
3.17798
5.6541
5.14452
2.58224
7.35666
0.129287
8.2761
4.00173
1.77339
16.8911
2.49734
5.00491
9.37431
11.6798
0.299162
3.96983
1.72013
4.82939
1.18591
0.611834
3.39294
0.155225
2.74813
5.64815
4.70944
11.3944
4.37848
5.04995
3.54547
11.5629
9.19042
0.752276
3.56809
10.7843
10.5237
12.8545
1.89136
7.66129
4.98301
0.494669
9.8336
0.277606
8.66563
12.9935
8.65688
9.78431
1.41969
0.0446084
10.7909
12.3267
1.85865
1.39723
9.17591
1.18491
17.4149
16.0984
7.96056
0.121855
9.53439
3.06701
5.25139
9.23202
6.33451
2.31566
3.79603
15.8401
3.16632
5.40746
10.8109
14.4687
2.01747
4.73565
4.1094
3.33195
1.50853
6.01124
1.98539
5.99767
11.264
1.85073
1.12502
1.6419
0.807441
9.3802
1.13452
4.70415
5.90842
11.4229
0.111161
5.86475
2.61971
9.9606
11.2868
9.22601
0.630171
2.44299
7.61605
6.40369
8.84386
7.74116
1.75187
14.776
14.3172
2.34454
1.27316
2.56443
16.3791
6.3434
10.8152
1.02426
4.44629
7.08865
1.3468
2.89538
7.0615
10.7134
1.36417
0.198001
2.506
0.875794
2.12908
11.332
3.22241
11.73
3.7012
11.479
7.80418
1.81149
5.604
2.36351
0.644648
12.7824
0.848316
2.9746
0.449409
7.70493
8.53128
2.80611
3.26815
2.57517
5.78606
0.675908
4.93583
2.73705
8.79716
11.4755
3.50429
10.9783
4.50553
5.57222
4.98259
2.10352
6.62243
0.381984
13.8661
9.70643
0.281718
5.06914
0.347103
6.21366
13.9275
7.30732
5.60075
8.6212
1.36394
6.07098
8.1094
1.08999
13.327
1.36954
6.57373
10.9239
0.737007
8.26814
10.0673
7.96856
0.0603173
1.53623
7.60405
0.25154
8.2979
8.30124
8.20047
3.5472
8.03455
7.5501
14.038
17.9402
0.681433
0.455491
3.94807
13.2529
8.77589
4.55294
0.296105
9.37382
8.30851
1.57697
3.57551
13.5588
0.188854
12.8239
10.8557
8.05387
11.2173
7.87936
4.33769
2.48317
3.002
2.22068
1.80282
0.176224
7.87432
8.83161
7.30938
0.876964
4.33746
12.4094
0.841976
3.64546
2.03088
9.8147
8.13768
0.174802
4.94948
12.2144
8.71027
7.45838
6.53244
7.47544
9.10688
7.68967
4.50449
7.20647
1.97518
10.2558
1.7383
4.30273
11.3333
1.50586
5.51182
0.885217
6.55265
2.04625
1.54934
6.04915
10.9302
5.33162
6.15137
8.10986
19.6534
1.29794
0.810923
0.459231
7.35977
2.58159
11.638
10.2227
4.00312
5.52955
4.33574
7.50369
6.30928
13.8383
12.0407
8.66227
3.30248
8.3951
1.46543
7.26334
3.77846
10.4831
9.47586
8.69605
3.14718
10.4245
9.4176
0.322935
5.59967
7.25144
2.13446
10.1385
1.79482
11.9408
2.01657
1.40772
0.0802213
10.9642
7.32893
11.0059
0.990318
11.3046
8.7837
0.632412
0.13486
9.87013
0.19672
5.17495
0.55286
9.73668
11.3025
11.4432
11.5113
11.2998
4.4276
11.9068
5.95657
0.372559
6.77577
6.25896
9.77512
2.38245
0.269084
3.57651
2.24705
10.2263
5.21907
8.46393
5.00536
4.36399
3.88486
0.258256
0.621909
3.5148
0.953455
14.5114
10.301
2.70646
14.0299
0.688319
0.707807
2.5046
2.79215
11.042
5.49763
7.22862
15.9107
10.0886
1.47163
4.39677
6.39241
1.61214
8.43684
2.21028
1.31014
3.56256
1.17141
10.165
0.567375
7.63651
1.75533
6.56579
11.1526
12.723
10.4492
4.77256
7.60322
1.3249
4.59036
2.52598
8.15357
8.98698
6.46628
5.5867
10.2641
16.7579
2.68334
7.06082
9.53384
9.9924
0.469816
6.00456
0.0599848
9.89932
8.47797
14.1347
5.38194
3.06241
4.80099
4.00373
18.8501
6.96358
9.90481
14.672
4.89167
0.649073
15.6103
0.84223
7.49511
1.43252
1.59599
0.0945009
3.17582
2.86456
8.97869
3.18624
0.136726
0.924942
6.69221
9.15408
11.141
0.966053
0.348015
3.67753
1.85469
4.6418
11.2959
4.36661
0.481446
2.57706
4.97442
9.27343
8.56769
16.1014
2.63847
10.1886
0.355175
9.33837
2.46473
0.635618
12.7821
9.34879
0.686606
8.95642
1.57549
14.1017
9.3827
9.24263
5.26982
0.593642
7.83956
0.558181
9.05514
5.67351
9.3844
11.0993
0.227611
0.635916
7.92838
13.8769
4.87848
11.0754
0.575632
8.93014
10.9222
10.4107
8.89608
3.70425
7.60696
5.51412
3.24109
3.01827
6.90504
0.667799
2.1879
4.48565
7.43322
1.20799
2.33609
3.32732
11.7949
12.3499
11.631
4.36914
4.18711
5.26138
3.26918
3.68728
15.2688
3.19194
0.779037
1.85848
8.57694
14.1897
12.274
0.378846
7.87048
12.3043
0.430255
13.6955
4.4859
4.45148
2.0128
4.01145
2.35017
9.31509
0.479343
1.27559
4.04764
2.32235
5.8562
7.86255
14.9841
1.3689
3.87051
12.9034
8.97133
2.61386
9.1222
15.366
0.149974
2.0042
9.61095
4.33255
10.002
1.75321
2.77955
3.39758
8.61486
0.257478
3.73352
12.832
4.16216
5.37596
0.757242
1.34138
4.88451
2.34969
7.1388
13.1921
2.05842
17.4792
1.59091
11.7941
1.60454
2.1202
4.43484
10.349
0.584372
10.9511
9.951
10.5563
1.53016
0.739479
10.9372
0.994611
8.41544
7.83277
5.08098
3.16697
12.3549
1.54698
7.41989
2.98922
10.3427
5.77642
14.9148
8.16243
14.3985
0.787218
4.17118
0.161585
2.39624
2.65754
8.22954
4.47866
17.3109
4.88352
0.783013
0.149229
8.38651
3.32108
4.95434
9.25145
0.510581
10.1623
2.51242
0.0260904
0.807302
8.55104
1.30633
0.625225
2.99998
9.22709
5.31741
8.94421
10.4965
0.00703805
10.2599
2.86234
6.9344
4.17582
4.25513
2.05339
3.83251
2.17719
3.91528
11.936
7.47708
6.23572
11.9696
9.76736
1.60803
5.87685
8.43425
0.0191217
1.3777
8.10307
9.3622
5.71042
9.09992
6.84571
4.47895
10.8786
0.418271
9.25404
6.09877
0.754039
4.19175
9.83809
19.2319
2.0253
2.14388
4.05134
9.39453
13.3268
12.4635
3.14466
4.24477
4.82743
6.9723
2.99042
1.67496
11.6609
10.9427
0.170473
1.30566
9.78146
9.75539
4.74494
0.778063
6.47658
2.82115
5.41955
0.410793
1.47719
1.38802
2.98895
1.59234
0.842954
0.995959
5.71687
6.37572
4.26959
0.514572
4.81815
11.4067
12.5681
1.18755
2.51646
5.73261
2.92841
9.98878
1.77267
9.82756
14.1135
8.51756
1.3068
2.55885
7.04499
2.83878
2.97917
1.23048
9.5276
9.63254
15.2788
0.92705
0.966144
11.5484
2.73543
2.67747
10.0928
9.78545
0.342123
10.4848
6.65492
0.118239
0.454077
6.27795
0.0450337
8.06307
4.76128
11.7952
1.12799
0.686891
0.108391
3.91459
9.82022
1.18592
5.40118
0.178839
0.393972
7.8549
1.64303
3.60822
1.09536
0.449297
12.3868
1.52375
3.80687
0.550468
6.50467
0.50439
7.07115
0.906766
4.11131
5.59752
15.015
2.39514
7.58717
1.36343
14.5465
1.87281
10.4611
0.674836
19.4
3.54077
8.07402
5.92242
0.977479
10.0954
0.296861
10.4315
3.24147
6.86798
9.39948
5.43516
3.02974
6.39105
2.38702
12.7423
0.649437
4.95798
2.61173
14.5455
0.835145
5.92962
10.4589
3.531
1.83206
9.65104
5.70597
1.26025
0.748793
5.34606
4.69559
6.449
12.9351
9.32249
10.8333
10.8407
2.88844
1.20517
10.8844
16.0939
0.301276
9.68985
1.78329
9.1692
8.37825
4.52784
1.55067
0.670731
15.0076
8.62536
3.62731
5.33137
8.92506
6.76404
5.42309
0.654133
0.809366
8.9299
8.88678
3.09229
0.429088
4.1829
5.38926
0.137642
8.22533
2.4637
10.5762
16.1857
4.63406
4.9877
4.86344
13.1505
8.75255
11.0357
0.904634
13.0178
1.91329
13.2618
5.3068
0.617338
4.57672
0.758851
0.511776
4.01154
10.0371
1.41277
1.86563
10.073
5.0945
11.6599
11.2843
7.3391
7.94755
3.11572
4.16513
6.26391
5.13588
14.2956
2.8078
9.86464
7.95013
2.12364
0.374111
1.52258
9.82955
0.466216
2.28116
2.12267
1.21949
9.87434
14.9941
9.78453
1.00259
10.8015
8.48963
0.0185498
2.85398
10.4121
0.131038
1.24405
4.90757
8.89027
11.7759
12.2641
8.3989
1.57581
3.29181
7.2577
0.917086
8.58316
0.67998
6.25239
2.16278
1.77316
3.54259
8.3016
6.10278
8.28224
6.58094
7.35554
0.255531
3.85234
9.99222
6.64772
11.5538
0.763964
1.22693
13.2349
12.294
0.613359
2.12382
0.097819
13.5434
10.9212
2.60979
1.56096
16.3267
1.65551
6.11343
0.435123
12.1598
3.61989
4.40375
7.31331
1.81734
3.59491
5.92517
0.750653
7.48365
0.18898
2.56637
18.5407
1.28919
0.208611
3.16447
0.426404
5.94101
0.293817
13.0702
8.01347
7.94367
6.00671
7.06617
7.04327
5.44957
1.00011
2.66593
10.4892
0.505352
10.7421
11.8959
6.65733
3.00822
6.94602
13.8391
1.91944
5.74398
0.699652
12.7809
6.94951
10.7364
11.1667
0.605698
10.9099
2.93938
1.38538
1.48121
4.78485
3.55275
13.5215
1.1954
1.49515
8.97049
7.24518
0.0429316
2.89035
11.0695
7.7402
0.0637543
3.66692
9.18135
4.37076
3.56825
5.09083
11.5685
7.64468
2.78871
1.0601
10.1493
1.74034
12.2342
5.86285
9.85674
4.16105
9.57347
3.16789
2.30407
12.268
0.465334
1.61853
5.68326
7.54096
6.13602
0.413917
1.06074
0.349319
13.8279
2.27664
11.7883
8.21477
4.66865
6.45997
5.78877
14.6201
15.2877
3.01654
6.45453
0.633072
2.11062
1.81327
4.37705
0.597348
8.44417
2.83095
12.0139
1.91355
2.11765
1.126
10.5867
3.20505
3.6743
11.3626
7.58776
1.81564
11.5668
1.81629
3.19983
1.20337
0.0907417
9.83234
8.16379
0.849696
0.52588
0.769136
7.82925
10.9334
8.88957
11.3418
0.406964
12.4403
1.05892
0.365613
7.20894
6.83073
1.31808
1.80701
10.1752
17.07
3.61242
1.65024
6.00549
3.65342
4.9468
3.0075
1.22919
2.47535
1.81657
7.58675
2.42043
0.132619
10.7445
2.10646
1.83122
9.26448
15.0249
2.36153
11.3424
11.7461
0.776156
3.93715
8.87722
9.20807
0.596559
12.4515
18.6555
2.69288
5.85657
0.517973
10.3735
6.34923
0.138456
12.6383
9.93809
8.87444
1.61534
0.393408
3.38425
8.0425
2.5228
0.296712
0.160629
6.72958
8.791
13.0383
2.0845
5.3291
10.3184
5.41058
10.2053
5.09981
0.162407
1.58165
5.7421
2.36354
6.82576
3.58329
6.79503
10.7904
1.62654
6.87635
0.0410186
12.2164
8.01633
9.66795
11.1094
5.45206
6.15447
1.94086
8.95578
1.8232
3.30034
8.58106
4.20667
10.4187
0.242198
3.76784
6.9671
6.11723
5.76733
2.23713
13.4393
3.90454
6.31264
3.82696
3.0069
14.4909
10.251
18.6575
11.5459
3.91828
11.2233
1.1522
1.64207
9.27275
17.1378
8.21307
1.16678
9.77479
6.71293
12.4579
9.84647
5.37272
1.3184
2.12237
1.27441
12.8501
11.2457
9.82519
16.6263
5.43552
9.55661
8.28743
4.75215
18.437
2.92382
3.38894
0.472093
0.0369088
11.085
0.833717
12.591
10.6261
8.80808
7.10015
10.4835
8.35319
1.87116
8.62655
2.05798
4.00645
6.61783
8.7417
1.01175
4.56226
7.46995
1.45885
10.2614
1.24908
10.832
0.874564
4.41575
4.0064
5.45945
4.00366
16.7612
12.4644
4.78016
8.75603
0.89445
4.285
2.12016
8.74376
8.42141
1.10349
7.85572
1.22532
12.7428
9.3258
0.768392
1.91401
0.906772
6.67633
0.110398
1.18136
7.16544
9.08726
7.46586
1.62891
3.24307
0.00918447
3.20762
2.07855
5.02389
8.89855
11.1674
3.90826
7.68788
0.141646
7.76334
3.16662
2.37679
6.05251
10.4576
5.31238
6.25711
0.914874
2.19905
10.112
4.1959
0.234575
2.09075
4.44834
6.42597
0.397247
0.178758
2.19987
3.36066
10.6732
6.52794
3.0002
9.40221
12.8962
0.461399
1.11212
9.50685
3.51709
9.64778
10.4677
5.91547
2.03867
3.78042
17.3286
9.22801
11.7262
4.52725
9.67008
7.63773
1.71981
1.26366
4.35399
0.97223
11.3888
1.4269
3.55214
8.55719
3.45844
9.37215
6.97278
0.691427
10.0985
3.40476
0.408248
7.64051
11.3375
2.23946
8.11516
8.50004
2.12779
3.33948
5.95564
1.60343
0.247677
15.1733
7.3267
4.01978
3.04016
7.90682
3.61686
8.40509
6.94501
10.576
1.5329
2.07006
3.63841
8.21074
6.8704e-05
0.878841
13.0432
10.8714
2.24821
9.44611
7.70988
3.63277
3.43698
0.661365
8.52919
4.04182
1.63479
7.60424
1.23264
3.77959
7.39024
0.0987573
8.90102
2.98291
0.903483
12.8333
3.30576
5.80684
1.40374
10.1184
1.59853
11.1652
0.112212
5.57108
12.7845
9.93234
4.88641
4.6458
1.20664
7.41614
0.525868
2.01661
2.59945
10.5393
0.258641
4.90011
9.49259
5.44221
5.56417
6.75254
2.03016
11.0324
0.0173843
10.899
5.91762
4.96818
10.2881
0.239776
8.71347
2.31184
3.09992
7.43155
6.02466
8.68862
5.5064
13.0212
12.5692
10.7387
8.40648
4.35834
3.97862
12.0202
12.3912
10.6771
9.71834
1.56895
3.1973
3.87893
12.7168
6.01772
8.80325
7.74362
13.3971
5.81127
4.67103
1.60537
3.64343
14.9981
10.2519
2.85512
4.3662
10.2333
4.13816
2.81155
1.29948
10.363
5.67351
11.4459
2.08647
9.71283
19.1885
7.33575
4.38188
17.2559
2.37133
0.922169
18.0303
12.7268
9.41053
7.82929
9.5474
6.33475
10.4755
17.1816
2.95742
13.0454
4.27047
0.985248
0.693371
0.772079
2.17994
2.92803
8.70277
2.69544
0.965012
9.68936
2.86961
0.10196
10.6691
11.63
4.19427
8.72041
3.49169
9.47594
9.08673
0.018833
1.02328
1.26312
7.25905
14.7604
5.67385
5.68835
7.44382
8.79047
1.24941
11.3979
2.90497
12.097
7.77519
4.75855
1.39825
12.3707
13.2114
0.674589
0.357191
3.31083
18.0959
1.2635
1.00916
9.7162
6.42129
1.91302
3.87126
0.393779
2.13037
11.5638
0.36481
1.24788
2.95603
10.4559
8.73615
2.40227
7.18202
8.36206
11.4279
3.75317
9.67488
0.785017
15.6063
3.59044
16.4574
1.17945
15.8423
9.95599
5.64297
1.59834
1.37884
3.02313
7.60559
11.218
2.80684
2.72582
9.90675
5.96248
0.325518
3.83388
0.0172728
1.0192
0.632172
0.00982597
9.72242
3.08334
6.24614
9.39846
11.0091
1.64815
1.41898
17.2677
2.01813
10.8839
6.30242
13.8928
3.04674
11.6623
1.53478
4.92856
1.03181
5.20075
13.7848
0.418101
1.27409
4.31921
1.01877
3.44408
11.1959
6.59115
0.979702
0.699838
13.5141
8.12998
8.39316
2.68597
0.562486
0.300996
12.3955
11.906
7.48142
4.13197
4.09838
3.06695
11.3651
8.16398
8.12457
12.7063
6.77986
0.853252
6.78085
9.69294
0.355176
1.64019
4.95994
0.430959
8.01766
3.47718
3.34101
9.80364
1.03066
2.69764
12.7166
3.54204
6.46726
10.5331
6.70286
17.8437
2.70099
3.32428
1.9317
11.0268
2.79908
2.17386
10.5328
7.75069
10.2118
10.1759
0.909233
5.09598
8.89875
1.41381
6.44708
17.7972
2.75204
2.85797
6.06103
12.3023
4.8072
1.10772
1.15622
0.54353
7.9044
5.60547
10.8415
12.1109
4.80321
6.91542
12.5508
0.878831
16.882
12.7938
0.567968
3.25751
9.45761
6.13251
4.02408
7.60206
12.6663
1.55217
0.642337
1.028
3.99163
2.92163
11.5913
12.0078
12.8991
3.74528
8.7586
8.43455
5.012
1.16986
2.24868
16.7938
6.39691
8.79658
11.846
6.42646
1.84278
13.3287
5.13005
2.0446
7.73633
10.8066
6.19255
8.37764
1.92148
11.9301
6.80851
9.27218
8.03831
9.1357
3.52323
12.076
11.1083
2.84301
10.2512
2.01036
3.65335
14.8131
6.17348
7.50302
0.605609
16.0706
3.33154
1.77934
4.58857
1.2624
0.354791
0.615392
15.746
6.37153
0.235918
13.1273
7.58489
3.85737
0.972394
0.17019
12.4458
6.96291
2.91738
0.583013
10.3037
13.3185
1.72134
0.680378
1.09809
3.30067
8.70067
9.20193
6.35594
11.7029
1.92673
8.59092
6.57378
2.37815
11.3626
3.77547
0.891993
2.65422
5.77466
7.87911
3.04201
5.81675
0.0767342
0.582083
0.786974
14.0886
2.96154
2.04335
1.92671
7.80201
9.83685
0.300645
10.4897
9.36509
0.494135
3.67594
1.12053
12.9974
10.5585
8.91432
3.46747
3.92511
5.36311
4.83178
2.95967
12.0404
1.00723
2.57786
3.353
0.177212
2.63501
8.19088
10.2724
2.92114
10.7132
13.1785
2.59431
9.53062
0.903063
1.56923
3.89652
6.30994
2.34244
12.3049
10.873
8.48263
4.91824
3.45746
12.0491
0.31103
8.04963
2.5192
5.95171
1.34738
4.37479
10.0107
10.3892
10.7521
4.39645
1.59302
1.41631
2.63943
9.70437
0.921829
1.92677
4.75213
2.93879
2.06562
1.29317
1.70953
5.57025
10.2795
1.45859
4.71189
12.1169
11.6342
1.80994
6.92007
5.26536
2.88782
12.0161
4.43031
9.64477
2.37746
8.1319
0.239193
1.54279
11.5552
4.72107
9.92602
9.49568
4.21491
13.8613
12.4172
7.4166
2.0647
4.84446
0.544224
0.418098
1.72681
3.72847
1.90959
4.89543
3.87494
2.61323
0.19114
2.11194
3.83246
2.28644
7.02176
3.09199
0.765945
11.7746
2.79164
1.15301
13.0077
11.1937
0.159842
3.25933
10.6949
0.744398
10.4421
10.9656
2.98477
3.26551
1.43136
0.0450149
7.41511
4.46818
9.94019
0.865744
18.665
1.14503
2.35513
2.37687
1.25989
9.03321
1.18022
6.84605
12.2261
0.580411
0.15406
10.1311
6.3506
7.70559
6.97671
11.2967
11.0461
2.0059
6.07137
0.375357
4.08482
12.3918
3.86545
2.42656
1.76304
1.64854
9.72756
1.31526
0.590855
0.0182902
9.74319
10.5063
9.04993
10.1187
1.54884
0.861331
0.437585
2.40381
6.09174
9.72553
0.837297
8.26431
10.908
2.3412
17.2938
10.6139
3.64005
2.27926
10.3016
6.07083
4.12932
9.57755
9.04398
0.388579
0.848678
10.1477
10.3909
9.42557
8.13715
16.1994
1.90837
15.4495
11.9133
9.63036
2.73329
3.60503
4.04217
8.97913
11.1484
11.0726
0.442894
1.6811
0.237737
9.48982
0.465016
9.96168
1.13626
8.21103
0.666543
0.0423865
8.22889
1.76652
4.66348
1.77663
7.95279
6.16122
0.364162
1.22886
7.28276
8.10097
2.77978
9.64338
17.9214
10.0443
0.58036
0.253415
10.1843
5.94424
1.46277
0.247867
3.38611
8.60037
0.409576
3.34584
7.12021
9.12121
10.0332
0.524756
8.31363
5.90949
3.43397
2.09213
9.66162
0.397354
11.2079
1.64962
7.49705
1.43389
9.49248
1.7289
10.3093
6.13068
2.68927
7.93819
3.17528
6.14727
0.058285
6.42549
16.1223
1.8149
10.6266
0.855754
2.49158
0.992736
9.57566
7.03279
2.95304
9.77048
2.15408
7.29672
6.14019
0.452554
7.02674
1.41935
10.204
2.65325
4.83579
3.33766
1.00848
8.20666
4.90602
10.6423
7.79983
5.79669
11.4782
0.733063
2.68424
0.953882
2.76174
0.657235
0.896562
4.32383
11.6957
13.7095
2.99401
0.236811
10.9643
2.05246
9.73768
6.63361
3.1392
2.97967
13.4443
2.61473
3.54262
4.61612
0.559369
1.2929
4.88854
2.96134
5.72386
13.9648
3.61146
11.7195
11.9857
3.02235
7.12887
7.9673
1.7617
5.7543
1.18698
5.98733
0.180705
10.8275
1.0789
13.1749
10.9988
2.41874
1.98811
12.1759
4.17851
11.1936
1.34271
2.92583
2.34884
2.63094
3.09938
3.18858
3.70387
8.78814
0.0352022
0.110885
14.638
1.33996
11.9311
6.38853
3.73483
0.160077
9.61492
4.87039
10.7226
8.45834
8.73187
9.12153
0.200697
0.273921
0.358493
1.42832
10.2569
8.64469
9.30887
1.18792
3.43105
9.85763
1.57575
11.7883
0.171045
2.05063
0.0506526
11.055
10.1046
2.67374
6.26773
0.760381
3.86568
0.521016
13.524
6.65159
10.2151
5.65557
9.40163
2.74645
7.78751
0.258762
3.26936
9.26874
0.910396
2.25436
12.2109
3.14583
13.2248
7.87649
2.64538
5.16918
13.3999
2.00486
10.365
10.2583
1.44519
2.09909
3.69214
8.33132
15.1554
9.87513
6.071
9.27685
10.9083
3.24115
11.4852
0.175222
10.5721
7.2824
12.6133
12.2005
0.0792265
13.3636
10.5854
9.27229
2.03631
9.35311
0.212794
0.00737934
1.30521
4.11477
3.60813
3.58019
3.43027
12.2072
0.374837
10.5211
10.2004
11.9377
18.7815
3.57121
2.91124
1.16737
1.92858
2.50458
9.74029
0.595571
1.55688
10.499
1.94566
8.31788
3.42384
5.10113
12.1547
2.3884
11.1669
2.46289
3.08057
3.56677
6.13443
1.31476
4.05101
6.99707
2.10763
0.235626
4.55072
13.1891
4.54233
0.394069
9.7154
10.8134
4.61012
0.280169
16.1987
3.09131
1.43866
13.1214
1.35928
0.249208
13.1678
4.06502
4.83887
4.89012
9.27179
2.62147
1.01343
10.843
2.73246
0.893512
9.00161
4.80917
1.40209
11.7405
5.02167
11.2312
2.25361
3.2905
3.15166
3.73002
3.5571
0.683172
1.46713
5.80362
2.07314
13.1114
1.8892
3.90417
1.18296
11.8881
13.3849
1.01108
1.40869
2.20989
0.260741
13.1642
1.61548
3.55651
7.10975
9.51399
0.302837
1.87262
6.84627
11.9689
12.134
4.60667
5.84636
0.109138
6.93968
0.418489
0.724271
5.35726
10.9531
4.18208
4.15983
9.49469
4.01214
1.40453
0.908688
3.21257
10.4215
1.39437
6.62027
7.75884
5.68961
9.52198
8.77902
0.72574
13.6444
1.97962
2.19825
10.2932
5.82472
10.2084
0.916626
4.65832
1.55621
0.922174
0.908376
6.25367
2.12605
7.23868
9.78329
8.20446
13.603
9.12618
10.1384
8.67189
10.2094
4.7236
2.55992
1.29335
10.6788
0.199399
0.74225
4.29936
13.353
0.319096
0.819815
4.98042
0.0795713
1.48219
0.525495
2.19947
1.77074
10.0694
6.4654
14.4639
14.8155
9.162
0.322411
1.87082
5.90143
1.74127
6.7201
11.6302
5.75226
5.29272
11.4015
0.0629881
3.41565
5.16284
4.5088
1.42941
7.03207
4.97664
3.65365
8.68564
8.2138
2.45619
12.7473
9.57326
0.0228794
10.1454
5.96692
13.1046
2.27144
6.32571
2.78023
12.389
4.70556
5.84445
9.02
4.60002
0.61185
8.23746
9.25394
7.64335
10.8105
3.56331
3.80025
10.0622
9.32504
1.50799
2.65865
12.2217
12.1265
10.0779
3.59223
8.62468
7.02002
8.12147
3.99797
0.0585288
12.8727
6.12546
11.6622
14.1206
0.224508
8.92079
12.768
4.06881
3.58781
8.87408
11.5563
8.42179
16.5746
7.8152
11.4374
9.67736
3.88866
6.87489
8.88539
7.61156
2.34692
3.53472
11.3734
0.934692
1.37644
11.7875
7.19783
7.03183
1.01524
0.155568
4.31052
8.14293
3.10107
8.98622
6.8129
10.7902
0.819838
4.99241
4.40579
1.43885
1.59745
6.26314
7.7427
4.83068
1.41572
6.84356
7.34431
7.18027
1.33212
7.84009
1.7183
8.36463
9.40597
4.49747
6.9227
4.55229
16.1596
7.09287
0.0923866
2.51478
2.00589
9.71161
8.42835
3.33137
3.84829
10.831
11.9007
0.994598
10.4302
6.32823
18.2602
9.18346
1.26609
11.1655
3.05915
13.0096
4.95743
0.380887
3.11754
8.61362
10.2826
1.00635
2.51554
0.184127
8.26693
3.6033
1.63283
4.18707
10.9589
0.386813
0.707144
6.8366
8.16888
9.2823
0.989519
2.43512
5.27498
2.23349
11.2798
3.14654
5.20767
0.32497
8.00029
3.85985
10.3402
0.0689974
3.17319
0.967004
11.2182
2.96524
2.02035
7.65037
1.83117
1.65279
0.840744
7.12994
0.571857
10.5216
5.11693
10.0616
0.580927
16.7624
8.39727
6.20042
0.132645
3.8125
10.2212
8.31513
2.50014
10.6669
1.07934
0.559306
7.83739
4.49758
3.24858
5.41829
3.25071
10.2872
4.90163
10.8718
9.59277
3.23101
12.8455
0.0233284
7.15797
9.53305
1.35265
6.89525
7.84384
2.63446
1.18596
3.41801
13.3738
1.39737
12.0912
12.4782
3.84757
6.52967
10.6353
17.3683
6.33477
11.0388
1.80824
12.5995
4.05429
6.14489
1.01072
0.989255
10.1407
9.10121
1.98263
0.777649
8.25289
18.153
3.43592
5.92512
0.891536
11.3379
4.27686
18.2609
2.89975
1.01849
9.82297
2.85699
4.3229
0.38631
10.4894
7.25056
9.68743
16.6719
2.18473
2.11235
6.68119
0.600247
6.02438
7.69176
3.20692
1.23937
2.59494
5.63911
2.0156
5.78135
2.18638
6.91089
10.9276
11.514
7.25958
11.0153
10.8784
0.464788
7.88737
14.4766
0.384178
3.70422
8.42811
10.765
4.99555
8.90997
9.29974
3.20691
0.102293
8.41632
2.62437
4.99123
14.051
10.4657
9.8021
12.3255
15.3294
11.1953
10.9288
1.09345
3.46124
12.3236
11.1231
2.3128
11.214
2.50167
1.53274
0.394361
4.56002
17.0702
1.89435
0.960136
0.0284912
0.466451
7.43767
0.827966
10.007
12.7475
0.170155
3.87892
1.72788
4.24875
1.95829
10.7261
3.53622
8.67214
4.869
0.549923
0.946307
0.203688
4.41647
7.98135
4.89067
7.42807
2.60061
2.22526
7.34568
14.1177
9.49199
9.76889
3.02065
2.83428
2.62581
6.12831
10.0558
11.1431
9.06526
9.79611
10.3245
5.77471
3.82071
2.32788
9.06107
1.30973
4.82218
0.12939
4.75078
8.99928
1.75219
3.39514
4.59323
10.3481
12.3918
9.67834
3.32789
9.63657
0.864071
6.57081
2.09478
7.67365
5.05013
13.7529
10.0896
7.15839
6.02593
5.27116
9.2529
3.0287
4.72066
0.407664
1.52305
0.0698479
7.10661
12.4131
11.5136
1.45295
11.639
3.76219
10.2266
3.1604
0.30927
2.90681
7.05986
13.0464
1.65849
9.22427
0.998466
2.32264
1.31088
0.700783
12.1161
5.06946
0.845001
0.886965
1.32048
5.68528
0.867997
7.3286
9.35994
1.90075
10.0726
3.34612
3.92638
0.0720885
3.98379
2.7304
14.1016
11.2703
10.3817
0.349247
11.5308
10.8487
2.4294
5.65699
15.432
8.10905
9.43746
3.35834
4.29698
0.741987
12.9234
6.18887
3.04295
14.114
0.71397
0.596831
2.20731
10.1451
11.7212
5.40191
5.71635
9.54548
9.20463
4.88227
10.1948
1.62455
0.565112
1.47216
10.972
8.62976
9.02101
8.75527
10.3176
3.52643
6.5904
13.1077
11.7915
1.17863
1.20025
1.79441
0.483901
9.78642
0.768514
9.71826
0.937266
9.01534
11.3346
6.03981
7.01786
6.03611
0.455584
5.13517
10.052
10.3705
3.84344
1.02431
4.34983
2.23986
6.2755
5.59847
5.98273
0.576937
7.50078
14.0715
7.34224
6.87108
13.3965
3.2329
5.36254
7.42896
8.26445
5.81398
6.03209
2.78527
0.968441
6.19531
11.9392
4.77902
5.13298
6.25302
2.6225
4.81342
11.0727
10.5388
1.38136
2.11668
7.99344
3.26155
0.226377
1.39151
4.16328
3.62035
0.229208
13.3351
2.5919
13.3197
9.79831
9.2334
9.68102
1.52465
8.53376
9.32553
12.3488
8.3921
11.0973
0.323561
6.75408
6.41634
7.49599
2.88929
0.190181
8.63069
0.0973707
19.299
18.3621
10.9707
0.986522
10.1462
2.32755
0.0970823
7.26795
9.64998
6.99783
6.53818
3.06631
0.903491
7.38227
6.28763
15.5018
5.08702
1.80893
4.31899
5.22454
11.009
6.16668
12.1962
0.583564
2.0417
0.994915
14.0167
1.12527
14.1578
0.365069
6.15879
2.81643
9.12573
2.38846
1.52889
1.74909
2.90643
14.9835
0.269604
4.97003
8.19554
11.4916
9.54447
3.58913
1.79047
2.40021
2.044
8.34828
10.8483
8.79771
9.46197
2.85563
1.93446
11.3647
8.82818
10.6872
8.86849
0.778799
3.85319
0.540487
6.96284
14.5866
16.0311
3.1193
1.40283
10.5276
1.16817
9.82485
9.32002
1.53281
12.5712
0.048187
4.10311
12.1268
2.07966
8.63182
5.01539
1.90409
2.18237
0.144036
11.5481
9.96733
11.2604
11.9138
0.540608
0.511066
5.29016
13.3039
11.2611
11.2857
10.2631
0.0815271
12.9741
5.4574
14.8067
11.1402
13.4722
1.79598
10.6295
1.65266
10.906
2.63672
11.928
9.32136
3.44551
2.26109
13.284
1.75912
11.4175
0.544111
6.67619
0.114869
8.61194
10.6373
8.38675
6.86618
7.82471
1.33322
17.7968
3.96498
8.54232
2.87744
2.54487
0.561702
16.294
11.0689
16.0933
0.665757
4.61107
0.75775
4.20441
2.31096
3.72758
11.3834
4.71754
1.37761
10.8981
3.10287
10.0167
9.28683
8.34069
4.04736
10.9241
10.9601
0.964596
0.312275
2.81426
5.44273
13.716
12.6753
0.769761
10.0136
1.03073
1.78848
1.05623
0.260087
2.98207
1.80828
6.09767
6.34392
6.73447
4.13473
6.54157
7.21066
0.131704
0.845803
7.62796
3.03681
11.0568
6.93078
12.3188
0.0884553
1.04715
7.08472
9.76788
0.131593
6.76653
11.9556
0.76001
7.94527
3.22678
1.84566
1.51432
9.4433
7.28312
0.710307
9.24372
7.60986
3.47877
2.03223
12.048
9.82152
2.55457
9.43626
3.01728
4.22531
4.01915
8.07331
4.68894
4.86786
7.76102
14.0205
8.79338
9.52251
4.64727
0.697586
2.35778
6.95567
6.32527
1.13128
7.54655
4.92802
2.4708
0.51122
3.60169
2.44153
12.5413
0.848105
7.00215
12.7777
15.386
4.67098
12.8299
10.5643
0.956519
7.30014
1.34851
9.46956
0.123769
3.10024
1.589
5.64413
4.78682
3.47449
0.134307
0.324281
14.9669
0.464276
9.2832
3.97189
6.30719
5.3331
5.18909
7.8481
6.34792
4.52564
10.338
8.45557
18.3889
6.60473
14.1811
5.33711
0.291533
2.37817
10.2816
5.89323
6.34519
0.634986
1.02925
5.61628
5.60303
13.2755
4.9763
12.5936
2.77493
0.0226554
0.896545
2.11423
3.52448
12.244
1.60204
0.575399
3.07072
6.50475
0.792781
10.0991
10.8075
4.28905
9.4369
1.61287
1.53293
2.35029
4.2467
5.15052
14.2114
3.10902
19.0305
10.8798
0.0192724
2.32148
0.0693465
10.2715
10.5814
3.6697
2.28507
12.0618
2.06381
5.09395
1.02143
17.228
3.74921
13.6082
1.60995
2.89127
8.89577
2.28155
2.53504
7.88476
15.9587
10.6082
9.16085
7.257
6.34911
0.790814
9.7582
1.51031
2.67364
11.6068
2.19143
10.4784
0.305159
9.55976
14.5919
3.97537
4.10761
4.37822
0.726799
3.03518
8.13952
7.85863
0.875987
3.30719
12.4044
6.06463
6.78257
9.8647
10.9495
2.66542
4.57972
16.6378
3.49068
10.5295
0.507008
11.2805
0.309707
2.31904
5.98891
6.16536
5.50959
12.4158
11.232
5.36695
6.7971
12.3584
1.72737
0.323171
0.843403
0.0919199
11.8687
2.43401
1.64674
10.7028
6.52394
1.22202
3.67653
7.02167
5.92613
11.9322
7.7212
7.05236
8.98228
8.40259
8.90976
0.696882
1.64998
2.85646
0.24113
12.9594
6.6904
12.653
3.45906
10.5464
8.43521
9.6331
11.8287
12.1467
11.4946
12.7955
10.9912
0.460956
2.63681
13.6478
9.77991
11.7765
12.6356
14.1178
2.46819
0.268343
4.39303
14.5023
1.41362
12.6371
6.4361
2.86712
8.82703
2.92343
11.4278
16.9024
3.90689
8.72854
3.60889
6.84118
9.82006
17.606
8.71263
5.6248
0.719448
1.06202
1.48136
5.4204
2.14167
0.569875
1.91844
2.36801
8.58955
6.43524
13.4876
9.30339
0.371243
11.5239
6.73056
6.94009
9.24659
0.86468
3.3348
0.0148172
7.62922
2.39428
1.38034
3.47631
0.193235
7.00509
14.358
0.0723346
14.4697
2.93274
6.75646
9.68966
1.2587
4.68267
15.0495
2.2776
7.35021
6.72489
3.66627
12.5206
0.378617
10.6696
2.61471
1.40928
5.97585
2.93873
2.35384
2.2063
6.63463
3.19885
11.2142
6.29
9.77963
2.18674
11.1092
12.8812
8.83551
9.28446
12.4375
9.48649
7.11482
3.06418
6.95191
11.3467
0.551684
4.40438
1.23197
12.1106
5.51819
11.0865
13.1408
9.52132
17.105
2.22849
0.277474
7.59227
10.2317
0.911421
2.29822
3.65393
2.89377
1.33134
2.12937
3.44896
0.883969
0.491475
10.4237
1.04257
7.59078
2.80109
0.377354
12.6839
5.13576
9.07202
6.13267
6.07823
3.9873
0.371507
11.0006
2.86435
5.28433
1.9682
12.9813
10.5955
0.672095
1.66402
12.8474
5.03014
11.5527
12.3907
2.46
3.56791
3.04115
10.1805
9.35055
16.2109
7.42526
10.8711
3.82271
5.20046
2.7478
2.74107
1.01258
5.21283
6.61429
0.993262
3.91326
0.296077
1.43608
2.57843
1.5926
4.82941
7.24657
3.00616
9.66516
3.98479
2.16703
0.964231
0.00773153
8.40783
12.6455
4.80332
1.14663
10.418
19.5214
9.15781
0.213263
7.49598
9.10429
6.87009
0.478557
1.4221
3.78288
11.4966
0.876699
9.28367
0.670288
1.6343
11.8388
7.71686
10.5106
0.373185
15.2037
0.419528
15.1314
4.07569
12.1965
3.45038
6.45661
8.18613
11.192
2.93054
4.73632
1.84901
6.12681
0.555825
0.810684
0.865325
5.66047
18.5182
1.45796
10.6127
0.579402
9.30204
12.3551
11.2322
7.83238
0.325589
1.14717
9.88189
4.52351
2.20067
4.64942
15.5126
6.0423
12.8981
10.2185
3.44187
1.78898
10.096
10.2398
7.85174
6.04344
11.5322
2.86036
1.10823
0.59541
1.69562
10.4079
3.78957
10.4207
1.30302
12.0227
8.91652
11.9534
3.91811
12.3046
2.93075
8.15877
4.10437
5.03832
0.908478
15.7959
8.66095
1.49773
10.8574
6.90541
7.24478
10.13
8.34904
11.4085
15.2118
1.95849
2.35525
3.92217
10.6025
1.22232
2.89566
3.18179
19.377
2.30453
0.180594
3.22308
1.15662
14.0056
0.166364
6.11527
10.1993
7.31557
0.00667139
9.32195
0.490882
9.9756
7.40372
8.79515
11.6084
3.6196
9.37442
0.985927
9.22047
0.896538
10.3822
11.4969
10.471
0.350429
4.74025
6.37289
5.87319
0.276882
7.93971
2.71783
8.19296
4.86549
2.82136
4.23233
1.78563
1.61313
0.691102
3.99415
0.0881598
6.03366
5.67473
0.334894
13.0666
8.91104
4.53659
14.2447
0.736151
1.48058
2.84114
2.20313
3.00496
9.96687
5.64853
3.61642
10.7505
10.7934
9.77738
6.78574
0.879806
8.57213
10.9455
4.36183
5.32703
2.12232
0.493942
18.7658
2.84502
1.10813
1.22722
9.40545
9.04787
8.62954
2.26979
8.92279
1.37302
10.7832
2.46684
2.50545
10.3698
5.85755
0.515035
2.80593
2.09093
6.56409
5.10881
3.98091
5.9971
5.23348
3.33827
0.610951
4.74347
4.88076
1.10506
7.57677
0.975717
2.13774
0.496595
1.5051
11.1763
4.42623
9.29653
4.45822
12.46
2.37934
6.03038
12.2051
4.47345
11.0893
9.75092
4.27689
4.51451
10.8594
8.27629
6.75775
0.821393
0.517622
1.55892
6.00868
7.46967
7.82063
4.9842
7.84606
2.94911
12.0605
9.30369
1.30152
2.58357
0.210878
0.530498
0.0717046
1.54255
2.01106
1.98448
1.21943
9.87571
2.22367
0.0120529
4.30159
12.136
8.88815
0.481648
0.934654
6.44027
2.42192
0.0959904
0.727276
0.33248
5.95477
8.40369
1.52949
3.21453
12.7389
12.3076
0.329016
6.38768
12.5103
7.63719
6.3072
14.0945
7.23524
0.580335
0.0410348
12.7573
0.244747
3.60456
5.19971
9.92143
12.8964
2.90196
10.0375
1.00724
0.957587
4.67094
2.08862
0.527447
9.84756
6.4924
13.9128
3.38938
3.75145
0.595879
10.5892
5.83478
0.203434
0.922979
1.05859
3.72327
1.93159
3.27545
1.30131
0.754251
1.06589
10.4446
0.757173
1.22035
8.90395
3.06285
6.79768
9.86088
11.7947
6.48242
11.8722
3.29345
3.18595
7.57604
8.14758
18.8975
7.91452
6.70406
8.59987
9.81771
8.19079
4.5394
5.67068
6.80317
6.47457
7.65836
16.7501
3.34814
12.052
15.706
4.54369
4.27359
0.726472
12.3572
3.79007
0.810085
0.136652
11.0748
6.87121
9.47574
4.79777
0.0552771
10.7189
9.82208
1.74397
4.48241
5.77877
7.54964
1.54633
9.82742
7.88568
8.70495
2.63166
6.39561
3.25301
3.54233
8.35974
0.698484
3.53836
11.0139
8.30185
6.72384
7.09217
7.56237
10.0072
8.46822
2.45582
2.04645
8.34189
12.3075
5.55531
10.5215
0.625146
11.3445
10.5099
2.06421
2.32756
11.3761
6.93791
5.90434
8.81811
1.72821
8.10442
8.31614
8.31747
3.43366
13.1044
0.833079
9.84169
10.2702
0.766065
12.7848
5.11582
0.415567
0.556741
9.98786
1.30488
8.90389
3.4995
4.06522
1.42965
6.11911
3.58282
9.44874
1.93616
10.3347
4.34557
5.81658
9.31928
1.4554
11.6845
11.1182
2.92614
4.73879
9.6961
9.33282
1.09315
8.19963
14.5159
6.05054
8.4111
15.4288
0.737721
9.0734
0.201202
3.37544
0.159118
1.42016
12.1402
10.3063
8.67455
12.2982
0.577286
0.578786
5.49998
6.77013
5.67163
11.3897
1.92278
1.482
0.976611
0.179923
9.45153
1.23934
18.0229
10.0381
1.85215
8.63803
3.42193
2.66523
5.49042
3.66421
11.1891
13.578
0.797248
4.7138
8.62017
0.947883
1.06564
9.4526
9.95909
8.88965
2.2011
0.364393
3.77583
7.1279
6.27175
7.93078
3.10911
2.14938
10.57
1.60636
13.0586
17.4315
11.0264
3.37543
2.02658
1.85208
14.9678
4.07718
1.25766
1.13044
1.4777
10.6784
0.320844
8.1292
4.86477
0.114607
7.16645
11.2052
1.37817
0.527622
2.12778
1.25543
12.2881
0.00597817
10.4677
5.52908
12.0546
9.65292
2.05879
3.56427
13.4026
3.31924
1.86902
1.15114
8.69076
1.12736
11.3451
10.1779
3.32941
0.549522
7.61097
13.0386
0.508532
0.808973
4.58033
17.4547
11.404
8.0974
9.88687
2.20809
3.06209
0.292641
12.4554
5.3346
11.0958
10.847
9.68661
1.30802
7.16347
2.30573
3.51296
7.45247
0.67237
5.1314
9.05312
17.3302
4.03538
7.27099
1.48281
2.26357
11.6712
5.80502
9.95563
0.460716
11.202
1.36563
4.61549
19.9746
2.13773
4.22722
6.60589
4.38714
1.32327
1.40537
5.19065
1.28059
5.90652
5.07486
3.67548
0.022136
11.1401
10.8976
11.0121
4.36294
10.7452
9.10498
11.0481
15.8195
1.32793
3.74039
4.11932
19.2389
5.53218
6.36377
6.9188
10.2126
1.77473
8.04953
2.12507
7.26984
2.27891
0.418447
8.56559
0.790234
5.8753
4.23086
3.66574
11.9599
5.40625
0.335057
1.26808
1.6696
9.36437
4.62043
1.14744
18.4802
1.22283
1.10606
10.7137
1.84647
6.40843
6.81479
2.33298
2.89639
3.52723
19.9254
2.53244
8.89814
5.83075
4.39699
19.4174
9.59064
1.44364
1.74203
0.663405
4.71956
18.0057
3.13703
5.50921
1.73744
14.4513
13.2152
12.9965
6.35401
11.3079
5.23972
5.92642
5.74242e-05
7.05388
10.2231
5.69486
1.07607
6.85839
9.58892
9.10897
2.57512
1.76456
5.65172
0.393066
1.0878
3.44235
13.7165
1.16145
9.96511
1.92015
7.42289
2.98971
10.6394
0.754201
6.12209
1.01948
3.08779
0.963522
8.81078
0.814081
0.960158
1.00411
5.50885
12.1025
6.50004
7.34168
1.31038
11.1822
4.24362
2.26152
8.29145
3.01038
4.0243
3.88812
15.9266
5.24259
3.30669
7.80042
6.22104
7.64488
5.07
2.82101
2.34177
0.178372
0.808686
3.43314
14.7358
0.636253
12.4981
2.13186
3.97651
6.39448
14.1918
14.3041
2.39808
5.68563
6.2624
11.5233
16.8063
3.63724
11.7162
5.58315
4.70516
17.8973
4.1967
1.86452
1.34655
0.299575
0.131678
10.6147
0.123958
7.86858
1.85033
2.78219
3.05327
6.71901
8.77435
0.6569
17.2918
11.0096
0.244594
0.0784618
8.49291
10.9105
7.73718
10.6299
14.096
18.0973
1.27685
3.81548
14.9245
13.1486
0.52372
1.08779
0.766045
9.47427
19.3842
0.0202625
3.36401
9.77949
3.42564
12.5804
2.89484
1.49794
9.09363
2.6671
10.8349
4.94046
11.4016
1.84801
6.7499
3.84628
4.74353
3.2859
7.64213
0.735164
12.0524
7.42019
0.852693
8.39615
6.02446
5.46673
9.84222
1.2509
9.98963
0.346127
11.3665
1.96557
8.55281
11.2156
4.5728
1.30349
0.522248
2.87272
12.6706
7.9767
1.16216
10.0497
2.89291
0.815033
0.792248
6.79279
8.07877
2.52395
10.0793
1.20869
9.28799
0.656372
4.58714
9.88472
13.2167
3.78631
0.889581
9.84237
1.88075
12.8416
18.1405
2.83509
11.1079
1.38031
6.13374
1.78052
6.62949
3.37235
1.98159
4.65678
13.6703
1.08033
10.5995
7.7387
1.86609
11.264
1.24649
5.601
5.50401
3.34954
3.3514
1.00682
1.87927
6.99471
15.0045
0.956315
6.32296
5.96292
4.71323
6.17104
9.02891
6.99233
3.39204
9.41933
6.25091
0.174985
4.27753
12.9418
1.32219
11.8793
11.7194
9.78085
11.2127
3.73606
0.219346
12.4086
9.50241
12.8891
2.67112
8.38255
10.559
11.8758
13.7292
8.34803
9.79464
4.67335
3.60428
4.93353
4.12057
0.107421
5.98544
4.11883
8.50402
1.43068
12.8391
7.22691
10.5879
11.2478
0.118537
3.91298
7.31936
1.27665
3.49691
12.3367
10.3053
4.66265
6.47909
2.50697
0.016935
11.2333
8.21379
7.87533
3.01575
2.45244
5.98033
0.970806
5.63889
3.87804
1.597
0.676422
1.01259
5.21009
11.7359
7.93359
8.15016
6.58018
0.141126
0.480148
0.311305
4.92188
9.31592
0.944803
10.409
9.45025
8.71602
13.1709
11.7687
7.1661
7.61897
5.14131
1.20924
7.47519
10.0368
6.31241
11.9089
4.75935
2.63198
4.87478
0.679859
2.62585
5.43253
12.2866
12.9419
13.5056
9.10051
2.25882
5.61734
2.78446
10.749
11.0773
1.10567
8.31763
2.95769
8.0125
6.62715
8.34304
0.678883
2.14843
9.2272
1.35611
6.966
0.500548
0.444719
2.4666
1.39854
0.440092
9.9065
4.1098
3.34772
11.1576
15.4244
10.4235
1.81765
2.97564
1.85467
7.10066
0.0942551
8.38502
8.03068
3.36876
6.67783
2.67568
9.19285
1.56277
0.158744
11.0336
1.72788
1.45415
1.46396
8.50286
11.9021
1.80351
9.41635
10.5686
13.6066
13.1605
0.105118
10.4671
9.87778
2.67236
8.58555
1.20623
0.998106
3.65598
13.0445
1.70174
7.03357
3.08803
9.18005
2.4011
1.44748
14.1911
5.91514
0.585398
10.0309
0.937841
0.446708
0.506324
1.09113
7.54852
16.9845
10.1452
1.86826
8.43036
9.21547
7.51958
10.2317
9.00036
2.22745
0.484113
4.1646
0.420619
1.46174
4.49735
0.890164
0.179317
0.312189
1.09925
0.835243
4.12668
1.17974
7.18972
6.02422
9.98493
10.9379
1.11172
11.0852
1.41428
10.4373
1.60207
2.5452
9.76819
13.3941
4.39831
11.6348
11.4249
8.38615
2.28967
0.370398
3.13519
11.0124
4.03797
10.4466
1.08172
8.12741
7.10341
9.55616
3.54646
0.270978
11.3866
0.00521912
13.6111
3.90328
2.68443
4.20556
6.54182
0.292749
6.07824
0.291172
5.92369
0.200838
1.61069
12.7521
1.20994
10.2558
0.546748
0.853475
3.98138
4.26782
4.52696
1.12595
0.270738
8.04367
5.30187
7.58227
6.25743
11.3406
1.59071
0.286182
1.20555
4.80566
14.8929
14.3853
7.0345
5.37896
5.30612
1.58629
3.00405
0.379364
7.32276
9.53356
16.8979
4.18231
8.86385
1.77695
11.9317
9.80597
11.2329
2.97134
9.95188
9.4737
11.3582
1.91404
3.41263
1.01167
0.0169464
1.85443
1.10845
7.00449
0.448027
12.2089
14.9626
10.2685
2.40605
8.89323
2.81254
11.1588
11.1827
3.74453
0.275919
19.1498
2.47108
4.83371
3.17025
3.11269
2.51478
1.56602
1.0726
0.0652983
3.95705
6.61545
0.484683
2.62574
1.27617
7.72871
1.35894
15.3603
10.4171
8.18472
4.18352
0.0279895
0.682889
0.161225
10.4682
11.5664
2.22598
2.26691
2.68669
8.91328
3.46803
9.3072
2.84544
1.50373
2.46686
2.32605
10.5795
2.93746
2.8707
9.45249
10.6569
0.461575
11.1952
1.76183
9.96568
2.57119
3.69687
0.568257
2.0338
4.44779
1.49585
4.46439
0.841598
5.09241
6.39551
5.5893
2.03756
14.4013
13.6156
0.679256
3.69036
7.86292
5.40672
7.71431
1.7479
4.08846
0.408223
9.13827
6.13942
9.80191
19.4619
0.431365
5.39134
9.40444
6.7286
12.7371
6.67878
2.47414
1.03284
3.23627
12.1222
1.59057
8.10637
4.04838
7.39161
6.14115
10.0131
0.0532391
7.73294
8.52477
7.57625
1.15171
0.743378
0.886023
12.0951
0.876709
10.3101
0.658656
6.71345
3.59459
2.24995
6.98046
1.57971
0.369347
10.6613
16.299
11.9129
2.57645
2.70441
14.8948
12.5453
1.08891
2.70248
1.68587
0.405987
9.5556
0.139002
15.1948
4.08829
7.32519
0.0824251
0.343623
2.7944
5.51896
4.86862
0.310621
3.80368
8.70865
1.9553
3.01384
4.92195
1.57462
7.863
0.681228
2.53712
6.04365
1.07543
2.77202
8.25731
1.07542
10.015
0.0853044
19.8267
5.07529
0.109243
1.02104
0.271425
2.09359
8.0731
10.1801
2.27133
8.05416
0.373893
5.93687
6.40245
5.57309
13.0074
6.9418
5.31021
4.68455
1.54054
0.370106
8.53915
0.85762
0.390009
9.33328
10.4054
3.07652
0.0116022
5.3411
5.63731
1.64772
3.73545
3.35393
7.53083
12.7382
3.94288
4.03959
0.242797
0.435108
9.68911
8.85631
8.09305
6.84321
9.01126
6.15734
2.41304
3.04493
2.44504
9.77458
6.04837
0.676383
1.90949
5.15794
1.75987
6.69518
8.58583
10.5949
0.946722
6.68627
8.28056
11.1941
11.822
3.79857
3.95293
2.15767
11.1764
10.9788
5.97896
6.21625
9.57182
11.7825
10.9618
3.68472
9.5747
1.90419
15.9348
4.46501
1.9485
7.62997
7.48124
12.6709
19.9927
1.53184
2.24904
5.28581
8.16123
0.568768
4.88562
6.99852
12.5126
2.60683
2.93445
6.76967
9.83635
9.42339
2.64118
5.49675
6.3249
7.57272
11.0705
6.38747
0.71081
12.6651
0.166183
4.27868
1.58804
0.491783
1.3606
11.1738
2.58276
13.4315
10.0627
11.0526
7.43953
0.0527898
3.66426
14.3136
11.8144
12.8748
13.7152
0.69481
2.77593
0.245848
1.30461
13.1582
0.395135
11.4404
10.6674
0.0534556
10.323
2.8717
11.2174
7.33158
1.64844
1.25087
8.66434
6.26912
7.31551
0.478588
1.42591
3.06833
7.88283
7.15396
7.88283
2.22077
2.50213
1.3034
9.98523
8.26338
2.27934
9.50583
2.4782
8.80686
9.76764
10.6568
3.62012
2.9267
4.0641
13.8723
0.0752658
4.47468
1.56989
2.4197
16.4137
2.51856
6.31597
12.2464
8.60112
2.27974
13.635
10.6211
2.75699
4.83439
1.18551
1.44692
11.2825
8.55365
14.3563
8.16561
9.27148
6.97702
5.58044
2.80527
9.06445
11.2806
0.854865
10.2227
0.190785
10.6372
1.33262
4.79665
0.414391
0.951219
3.66601
0.905544
0.15337
7.46995
9.6029
3.41809
3.10352
11.7579
5.68234
8.65012
5.9201
11.5834
4.60022
2.73017
11.4784
11.8593
10.3456
9.84607
11.0256
0.815312
9.717
8.26195
9.06067
3.37299
14.0948
9.03671
10.2876
0.366637
4.57515
9.65197
1.0574
0.251056
1.49751
1.59351
6.21926
1.76445
16.3893
8.70176
3.13823
15.4969
6.58027
0.850647
0.285629
1.06571
4.88367
3.4114
5.82357
5.18069
2.34472
0.065901
11.7018
3.86569
15.6139
9.06236
1.36236
15.821
1.04518
14.0725
13.6562
9.35498
19.1244
7.17709
12.1917
0.730932
7.15709
0.86834
3.15104
11.8818
1.28311
2.22629
1.25869
7.17039
0.0596227
8.08907
16.0153
10.5534
15.2083
2.56947
2.97141
2.19624
4.25059
9.63249
9.17052
6.74844
1.60383
1.08827
11.415
0.940468
1.1247
1.50141
10.016
6.32343
1.36538
3.98549
7.40411
3.11882
3.37931
5.33751
2.25984
12.4881
14.3745
8.58688
3.80225
6.00197
0.860164
2.03311
5.83495
0.968061
10.6086
5.12487
8.19301
6.97255
11.4023
6.90975
5.41896
8.21021
6.26624
10.2593
4.6562
1.92903
3.03749
9.31879
5.59722
5.97039
3.18755
3.59713
7.4038
8.95882
7.56361
3.34637
1.74067
9.5418
1.11938
3.48364
11.5454
7.3194
9.33782
3.12203
13.2746
7.05848
2.86017
2.87258
14.0307
0.680617
12.8304
12.596
0.677167
10.7737
10.0203
1.18847
8.82048
2.59531
3.48795
1.87015
8.07508
1.62631
0.0272034
2.40892
4.12869
0.0475358
17.8317
2.77142
17.6836
7.07717
1.06247
14.4252
11.4706
10.8473
7.04992
3.5803
4.35446
12.6973
1.62337
5.82598
7.58204
9.53076
14.1029
8.17868
6.75204
10.5644
11.077
3.69874
6.6983
1.82
10.1638
3.82403
5.93427
5.05507
2.51596
12.2004
3.76238
2.11653
7.81228
8.8451
10.6615
9.96776
10.9178
13.3153
4.73218
0.953401
2.99745
12.7806
6.06989
5.61654
0.912282
7.93521
14.0491
1.84642
4.4945
16.0406
3.33072
5.2654
2.08384
2.27261
3.66366
2.95418
4.47473
8.27248
13.9356
2.72564
3.87069
5.34203
4.49178
3.79261
0.481285
8.52862
1.29688
2.74954
2.0572
14.8476
9.88794
2.96123
4.54242
0.644726
5.21552
3.3181
1.88805
0.726693
1.42777
2.48037
1.72628
2.84287
13.553
9.06649
11.8692
12.7415
8.66739
1.05591
10.4342
1.32669
1.77383
1.64157
9.58275
4.88789
9.25159
18.3238
10.2868
12.1842
0.492068
8.67648
0.495048
0.296823
6.30592
1.78671
8.56281
9.06052
1.70937
12.7065
8.36854
0.283116
14.929
7.0511
3.88121
3.46102
3.12755
8.96243
10.4528
1.21735
2.8204
0.0284037
8.89461
11.6213
4.03641
9.06881
2.99603
1.67527
3.15956
2.48149
1.27073
1.87456
0.571026
8.79763
0.998226
10.6937
2.17967
8.76301
10.9231
4.16329
8.10768
7.30373
1.57431
4.25045
0.717704
6.74295
0.012513
12.2286
0.500333
0.570321
6.97718
2.89218
7.80833
1.65564
1.60957
0.571596
3.97727
11.8045
10.0652
3.45384
0.357401
0.997829
4.76252
8.41306
5.83351
6.02296
7.43165
10.2123
0.975407
0.954314
2.28889
3.49548
0.496358
11.5681
9.74181
6.45493
2.26011
0.286077
3.72462
10.5918
0.499462
11.1742
0.801145
0.137948
10.5985
1.91764
3.6968
9.82447
7.67954
1.21966
10.366
5.36873
5.41069
0.443293
1.26575
4.73943
2.67114
0.401346
12.3545
0.152796
2.44091
1.89853
11.2913
2.29646
13.2249
8.24969
5.69108
1.29942
11.0786
9.39187
12.1305
0.115782
8.08483
10.7965
8.14149
1.26833
8.52391
10.9583
1.51265
2.2865
12.3229
13.7179
8.45196
4.81268
1.59945
0.885798
10.0075
2.9914
7.23558
6.61048
5.98094
2.83065
4.65918
4.99078
3.1276
0.212745
11.9054
0.210557
17.3682
9.03645
2.54917
2.80336
9.96395
7.77501
1.09663
2.51942
5.36756
8.0026
11.1696
4.16311
11.3585
2.2016
1.08866
15.7285
8.20833
3.90682
1.83283
2.37759
3.48217
1.15078
12.1734
1.12698
1.23828
8.1865
4.51932
11.1635
1.67203
4.1115
1.56472
3.09256
0.352427
7.67248
9.51623
4.78789
4.15337
0.744634
6.84521
3.12755
3.08347
9.00623
5.7363
1.53719
6.35458
0.87602
9.23083
0.349103
10.8675
9.24844
14.36
12.6582
2.78859
2.33098
9.89812
0.883742
6.44915
11.8085
6.53629
8.66913
7.49763
11.7376
3.9936
6.72472
1.65574
9.25668
11.7801
3.16845
5.27868
7.93925
8.24457
7.86626
1.16891
0.719033
2.72372
7.08349
0.943105
7.39921
1.44497
6.36027
8.83304
4.68159
3.19771
8.10792
15.3743
7.09663
11.9529
3.73029
8.74475
4.76
10.1201
2.04183
6.56038
5.28631
0.75599
5.77618
10.3457
0.881377
5.52715
2.59045
2.25787
11.489
9.63537
0.764948
13.4446
3.37862
5.81422
2.46479
17.6076
19.8886
6.50983
10.3294
11.2945
8.04562
12.0789
3.22384
9.10502
9.92633
3.91957
6.97183
1.86067
11.695
3.5577
5.95769
3.62836
4.26526
9.17409
12.3162
5.55101
4.42518
0.0266503
10.0385
0.0272301
2.9241
2.05816
0.264484
3.76285
0.878428
18.7872
6.09455
1.76803
2.47502
0.330746
0.725816
5.1695
1.39298
1.78115
5.12205
11.7091
7.335
10.4975
8.26663
3.22644
9.40263
0.616977
1.21619
0.255817
4.91037
2.95855
2.70567
0.0526519
9.07482
9.49292
4.74776
0.147904
8.5912
1.25964
10.4376
10.166
1.75936
12.1435
0.606499
13.0917
11.2539
12.1304
9.29011
0.10783
11.4701
6.49773
11.4868
8.211
7.7303
4.5559
1.25036
11.1069
2.60738
2.02273
1.4605
0.599984
4.34571
4.44296
0.8606
0.0105098
1.39895
12.0369
12.1917
4.40471
11.6101
6.26763
7.87901
9.28959
6.44385
8.26891
0.800332
0.270125
1.7719
2.86066
4.16497
10.5859
1.45639
3.42389
15.6234
9.81734
4.33375
7.93277
2.12563
1.17828
6.62937
11.739
10.9131
7.6549
13.3016
3.23518
9.94445
2.03181
10.3594
6.80664
6.80072
9.56467
0.103681
0.741432
0.432594
3.13165
9.16716
0.0869694
10.5142
9.24699
1.40797
2.87006
12.4954
1.31517
8.58013
2.78438
1.2063
5.1673
10.2259
1.13612
6.85132
3.27166
4.45821
0.173228
2.50677
8.57846
11.8769
3.19219
4.4985
10.4067
9.40212
0.809627
2.30262
9.32767
9.2875
3.57521
5.26996
8.53646
12.0709
2.06809
7.02701
1.59895
7.41731
6.44076
1.85714
10.8812
7.92191
4.23283
9.29212
4.93747
8.84337
14.7208
5.08359
9.01497
11.399
6.31002
10.4996
9.3553
5.51708
2.4079
1.54104
1.84786
0.566007
4.37283
7.80533
11.2129
10.65
3.00945
5.86903
0.315846
3.90483
9.08352
1.6507
0.812125
14.1265
8.97039
10.9218
13.6844
10.0666
0.791681
13.7162
4.26923
9.5707
4.23357
2.49409
6.41363
15.9149
6.29751
7.32059
0.768274
2.48711
8.85396
10.4628
4.13698
2.47982
5.35425
6.45301
5.96557
10.422
16.4752
2.87145
1.46415
1.47206
3.20092
11.8477
2.8039
2.86913
5.28645
0.683083
11.461
8.9758
3.45978
10.5681
5.03251
12.6299
2.76835
2.5432
4.83092
12.4393
15.1242
2.65255
9.64695
13.882
1.17657
1.04286
9.19144
2.24667
11.6098
3.02714
11.5566
8.98991
7.36169
6.15891
8.33764
4.28501
2.86571
3.69648
4.68689
2.85952
2.10092
0.837093
8.73318
13.5047
7.24442
10.9237
9.92375
9.13319
11.6922
0.713176
11.7212
6.23304
0.753501
4.51866
3.66814
2.50773
4.49823
12.0372
2.13614
4.8131
11.834
4.41489
1.14038
12.0673
3.06062
2.53366
12.1203
0.958065
0.477846
7.93716
11.6671
2.4983
15.4749
0.310846
11.0057
5.06482
1.18638
19.6647
1.04394
4.04744
11.3847
1.65246
0.618384
0.727297
2.38505
10.6016
16.5856
2.89246
7.33195
3.76183
12.6607
4.80554
7.12432
9.36013
14.946
5.26653
8.9183
0.6413
7.26702
1.83986
1.33655
6.38541
1.09038
4.5565
9.6522
14.2164
1.48699
10.9733
8.97945
8.45996
4.74048
4.04518
1.43254
8.8795
6.3326
7.03691
9.44088
0.0651753
4.67272
15.2332
5.00865
5.9257
2.67651
1.41757
0.223592
2.11527
4.26036
0.217297
2.67335
8.67831
7.85751
2.33044
5.08913
8.27275
7.6859
11.7558
3.43269
10.7392
1.29611
2.11378
8.10222
4.11424
1.93269
6.79246
7.88827
16.3167
7.42541
7.81981
1.78421
7.84183
1.22505
13.1614
0.412926
11.4188
0.69818
6.33295
3.58788
9.56514
3.27089
2.07325
0.125025
9.91072
6.08746
1.26749
1.3165
15.7163
2.18052
3.66541
9.33828
4.01299
10.4856
18.3189
10.9415
13.6111
16.0295
3.26771
12.9792
8.81509
9.82403
0.903126
0.571858
0.0732496
2.90368
3.85824
10.9289
7.35692
0.214867
9.26423
1.48506
0.221843
0.651492
11.8525
9.28928
10.8517
3.916
3.87344
4.18984
0.804622
4.43509
5.80992
7.10169
19.0026
6.65524
13.8158
2.6727
10.9835
9.86242
3.01333
7.79798
0.979061
5.12866
4.4677
9.92652
11.3856
7.93259
14.0882
0.422778
3.45552
3.00198
4.02838
6.52549
9.1839
11.8301
6.52173
2.75393
1.99013
10.9385
10.1178
14.3548
4.26508
2.49437
0.961954
6.85948
5.1969
9.71358
0.403377
0.232958
2.7513
2.14634
1.9698
2.46559
4.04552
9.99018
1.28789
4.26387
5.48116
3.46632
7.42038
13.2867
6.28425
4.25262
2.51145
10.2073
1.40227
7.43014
5.15246
2.29378
14.277
15.2045
2.68616
1.20352
11.591
1.54169
2.86535
3.82856
0.505557
9.21437
0.958944
4.01504
4.11948
4.33872
7.66614
2.05035
6.5062
6.66962
13.2039
7.37357
10.6575
1.91755
5.75723
7.81559
7.13771
7.41314
1.67292
10.7598
2.73637
1.54989
12.3662
1.85988
0.457049
0.294033
13.9002
0.143335
10.8161
1.56077
4.18385
9.8937
1.86304
12.2298
9.5191
0.937083
6.11281
6.27537
2.84121
7.7539
12.5465
4.25854
9.85528
0.155216
0.282756
3.95827
7.75277
5.84228
5.71202
9.89514
0.357849
3.2685
8.22311
1.9243
3.21761
8.93189
3.13245
0.765582
1.29952
0.184994
1.11934
7.3791
9.42294
0.175353
9.74401
17.24
10.2127
4.10791
5.21301
10.5884
12.9433
4.49225
4.92307
2.62477
0.213072
1.38955
6.14837
0.864077
14.0592
1.74036
1.51115
7.13649
0.236366
7.45685
0.567274
1.67384
3.61018
6.36035
0.594923
8.91129
9.69165
2.4839
9.35494
19.8366
3.42705
5.1854
7.67187
3.72348
8.76384
0.322722
11.7081
1.56562
6.72439
10.9431
3.36563
6.33197
0.239433
4.95414
14.3479
4.86109
7.02293
3.24272
2.1438
6.01934
8.50088
8.71367
10.3301
0.0487935
0.748626
0.976764
2.27562
0.551677
11.7531
3.67852
0.0588244
0.788861
8.98784
0.143645
5.56171
12.7625
5.29804
4.76122
0.0271604
8.45889
1.90559
8.17761
9.42067
10.7301
10.2407
2.15478
1.51503
11.2085
4.8137
10.2505
15.0494
3.67533
6.41845
11.2472
6.333
6.87432
3.77173
10.8193
4.89993
7.23456
2.07387
11.2884
3.32481
6.17706
7.15622
1.54028
8.47536
8.84106
11.8958
2.60526
1.47383
9.03105
6.03572
6.61416
9.54035
7.82129
2.80571
6.20365
9.26635
3.63622
0.558282
4.53378
3.46173
2.46508
11.8426
11.403
3.45544
8.40173
14.012
1.20012
10.9654
11.5248
8.03899
1.36453
7.06615
7.17922
9.02785
0.746852
14.2215
5.61234
15.9133
11.1179
3.55248
0.373772
1.28881
9.36192
15.5867
3.78764
6.70066
8.39392
0.0945529
8.58756
10.3734
0.709453
9.55595
14.2591
0.503885
3.95537
9.14612
1.86373
9.20704
0.805507
11.734
0.475869
3.16222
1.88121
10.1227
7.90344
6.47965
6.91209
2.21662
7.9647
17.4109
0.10581
0.294359
18.7306
5.26378
3.22368
2.29349
12.0634
6.39357
7.9666
13.6664
6.46081
2.14513
7.38901
10.6067
3.69209
2.38067
4.84914
7.37704
6.31683
2.65868
9.13611
5.9039
1.17068
0.913786
2.02185
9.05487
4.69345
12.7491
12.9943
0.970833
1.27444
7.19095
0.394644
2.25012
3.83688
18.7355
3.95578
1.01865
5.07139
5.06413
11.3817
1.57104
8.31252
8.48668
10.9887
13.5505
9.08841
0.277577
2.38187
0.334708
12.5884
15.2665
1.69902
10.1717
0.513664
3.48135
8.44045
7.41835
9.85782
3.16715
1.46165
0.146695
1.72205
2.48392
7.76621
4.8065
4.1786
7.54981
1.58744
0.962454
2.36312
0.511172
0.304087
1.0485
5.89196
2.28052
11.4524
10.3732
9.07235
16.8479
2.94526
10.0869
15.2493
3.2129
11.3091
2.17288
0.384051
6.50371
6.51281
12.6612
7.82735
0.794888
10.3326
5.33661
8.84795
0.0126491
9.81853
13.2195
4.52264
0.269153
7.76666
7.99428
5.10774
7.64403
3.66765
6.18269
13.3174
3.76038
8.49551
0.280405
7.60827
2.48327
9.33705
0.406516
0.57985
10.1239
7.50856
14.19
8.16384
10.9152
7.35128
1.62714
7.01618
0.278975
12.7311
1.12231
6.68194
0.18142
9.64824
3.24553
8.40942
1.88839
2.63778
0.965153
2.72754
2.11127
0.338709
4.85123
9.7015
13.1069
7.93787
2.18272
1.91361
8.99754
7.86594
11.5748
2.80718
11.0028
2.12869
1.09943
8.23701
13.9681
0.486274
3.90845
11.4487
4.02948
0.143754
1.0085
0.40345
3.0478
9.5917
1.11635
4.78506
1.36583
4.1351
0.869774
12.9474
9.169
5.10136
11.8423
1.80144
10.265
12.5267
2.87006
3.49068
4.13399
9.93899
11.1813
1.1156
3.97645
6.63341
10.4285
0.964546
1.80855
4.80891
10.9863
3.18882
2.88287
1.45047
8.32547
10.8673
1.46839
2.84147
1.28525
1.13943
0.170291
0.346092
1.16986
5.77776
5.54132
9.28537
0.754631
18.5347
5.75995
4.84248
1.38468
0.720721
11.9571
0.820922
12.5404
6.68779
12.5094
11.0866
0.974616
11.4993
3.18127
11.7275
15.8782
9.6179
1.70287
14.4065
11.5476
13.6233
16.2679
5.06767
0.892483
1.29739
11.8616
2.6841
13.853
8.50026
2.55648
8.28723
0.613396
7.50022
2.46449
7.80265
12.415
9.16798
5.42569
6.72014
10.3588
1.26142
3.54107
7.1763
10.2279
11.5763
11.117
12.8632
1.68319
17.7023
7.73066
1.2596
10.8528
12.5386
2.19093
1.65402
3.06738
6.19441
2.12233
1.28705
9.11188
2.64791
1.6568
4.88215
9.42316
7.63013
6.9712
3.51947
2.40071
3.69474
6.606
4.95146
15.8319
4.91502
10.9078
0.473048
3.77351
8.53721
3.70146
8.881
6.67523
2.31374
17.3189
10.8176
11.149
5.17612
10.2761
9.99099
17.2921
12.5601
3.3917
10.0172
6.32001
5.2272
1.3165
0.182603
18.6699
4.49166
2.4707
13.5552
1.09212
1.84347
6.44489
7.76233
0.132001
16.1143
0.872862
4.67112
1.12616
5.83387
12.7774
12.1704
12.054
8.03155
2.6374
5.57114
5.16362
9.00255
0.669959
1.20413
5.39926
3.48946
2.60664
12.8984
12.9621
5.7092
1.20966
3.18505
0.197689
0.595771
6.73207
14.125
0.481623
10.1065
1.64427
5.31189
10.6587
7.7112
8.37043
6.45448
1.3752
5.25185
6.55369
0.494542
2.28283
0.652449
0.317639
6.0586
1.89938
2.16274
1.11141
2.02602
2.95964
0.278897
8.04098
7.95649
0.0561827
1.00066
3.63559
2.85033
7.50881
3.6069
4.07399
12.9849
2.56522
2.66189
2.35837
0.376646
1.36754
10.3496
1.53492
8.03613
2.71587
2.77382
3.93647
0.806496
7.33482
9.02083
1.76437
0.562672
12.8595
2.3558
0.489187
2.49806
9.51015
0.0417767
0.568199
13.653
9.09419
0.148594
14.6762
2.85983
7.79113
6.75739
10.9938
12.3372
13.1686
6.60356
4.36054
9.906
3.69334
0.477295
9.69499
7.6575
19.5337
0.760158
5.94275
4.84023
4.00119
5.88268
0.211405
0.634171
2.23249
4.58891
1.5572
13.9546
9.67267
7.6627
4.60022
13.9557
17.2093
0.556021
6.19916
5.71373
6.60273
1.95202
3.72367
10.9168
0.429659
4.36109
8.70934
2.7396
7.89422
9.74599
2.10091
5.25646
2.52941
9.8829
0.601645
0.611785
13.1867
4.85435
8.29827
1.21618
5.35494
1.8148
4.32182
7.6026
6.13724
2.27302
3.63537
1.24736
2.75289
3.57328
1.6056
10.5155
1.75862
4.50723
11.8454
12.5452
5.70536
5.78102
14.3581
11.3075
6.07379
9.8362
7.09058
3.83891
6.29412
1.8487
2.65161
0.950427
2.13042
0.947747
4.28316
9.64066
4.32856
2.58613
6.63951
1.55542
3.73524
5.93335
10.7502
7.57366
9.53911
14.0525
6.20555
9.72288
0.951648
5.69515
6.56793
8.38338
4.96278
0.529562
4.17291
0.223918
18.6646
3.09428
0.0256098
0.934329
8.88582
4.10796
0.921069
10.6543
10.7651
3.34078
2.89675
3.27524
8.55101
0.793028
5.45767
8.02416
10.0752
7.79698
3.66829
2.03723
13.2228
11.9893
5.57198
0.137149
1.57822
8.89096
4.66072
8.34771
11.8634
7.02662
1.82132
6.95335
4.51288
1.61209
2.82542
1.15285
10.2805
6.04701
2.08545
0.168128
10.2319
1.80334
0.77082
3.01943
3.44189
3.2477
2.43246
1.87744
8.84828
6.85651
5.274
1.53
8.49679
9.87093
3.10077
10.0661
10.6201
0.105719
13.0133
15.313
1.32677
0.549665
0.945904
10.469
2.05911
10.7197
8.30936
11.4135
0.111511
12.6437
7.55009
2.91655
6.95521
1.74983
0.941783
2.07692
5.13393
7.84808
0.978645
0.180122
1.69217
0.349451
8.34276
7.98098
10.2574
1.842
4.66076
5.76939
8.09053
10.3428
11.4725
0.111096
0.0372148
11.1347
4.05421
9.9424
5.44249
19.4221
12.7418
7.61951
11.6333
3.5026
0.0742239
0.401276
1.42449
3.20885
8.73151
6.41415
8.18948
7.77536
16.3638
1.87744
6.9761
0.471812
3.12838
2.5581
13.1246
2.28682
1.88116
17.998
6.4427
12.0028
1.34636
7.77664
5.12162
17.2524
9.5859
4.14948
1.13583
12.4273
7.79814
8.66998
0.543326
2.46137
0.825831
7.85698
1.09048
0.71919
0.688306
2.73614
1.19357
2.71374
4.73593
5.19506
3.78031
9.20157
13.121
3.12039
11.913
3.10035
11.7471
6.33526
9.22461
0.178724
4.50529
11.9626
1.91908
4.64271
8.21629
8.46014
0.408942
5.90208
5.10623
3.2323
16.361
8.75864
0.433287
1.08161
1.01464
6.75893
11.0291
3.74357
8.62529
8.63797
10.0381
3.60114
0.685223
9.34734
2.19517
2.99295
4.7126
4.71994
2.60852
4.40081
5.57247
0.773413
1.02882
7.94037
2.60178
0.213621
0.875027
8.03083
11.7825
0.912565
12.9843
14.8949
8.18594
13.6716
8.05897
8.42764
6.28008
1.20482
9.49419
1.37548
0.625364
3.20069
4.43367
15.7717
6.47233
10.1917
0.612467
9.81529
4.27707
9.44511
3.77971
9.50058
8.09765
0.434192
1.99165
17.0613
9.67564
1.93703
0.57271
0.414029
4.07028
11.3672
13.05
5.11296
2.59066
6.28918
12.4469
5.40935
2.20255
9.0866
14.8172
0.111711
2.74145
0.738328
5.97106
4.04417
9.50661
5.1443
4.18581
1.47891
9.19053
2.89721
12.2643
1.27985
0.680614
5.42869
1.74376
2.37445
8.04229
1.12127
12.8516
1.21893
6.59636
0.00445333
2.20783
11.8111
2.03475
10.0482
0.178607
5.3756
6.96843
3.66325
4.4894
1.5329
1.64145
2.79506
5.95261
0.00264297
12.5184
3.30997
1.74674
1.04871
11.9127
0.608234
10.3799
3.28718
1.02919
6.83289
13.8059
1.37904
0.245002
1.13019
11.7738
9.34585
10.7123
0.389033
10.2266
3.67104
4.10925
0.907266
4.84797
3.85366
6.32249
1.17256
0.892405
2.27591
4.1769
2.12561
1.37241
1.85169
8.69775
8.23402
1.20088
9.19818
7.96659
3.11152
4.17942
0.126416
7.09734
1.68789
11.8315
3.68021
3.37782
0.206775
1.65658
2.58422
7.65082
4.78984
1.90659
1.31542
11.3113
11.2373
15.9641
10.5552
9.0421
12.3931
0.536031
2.85285
2.32573
2.04315
0.718633
7.01574
5.6771
3.24478
13.1603
5.0131
5.17579
3.43073
0.0163968
9.38378
1.86951
0.993068
7.28532
0.255825
9.90804
2.8167
8.15119
1.26427
9.01645
0.163923
8.00199
1.62469
3.32482
0.200796
10.8205
0.0586117
11.0435
6.05886
1.95819
1.80486
9.94872
12.5879
13.9158
1.73392
5.2402
9.47874
3.97259
4.21499
6.44697
0.0906161
4.71399
3.03281
5.66547
9.8781
3.03116
9.28726
1.88485
9.07469
11.194
9.60509
10.9353
11.9164
1.95823
0.389758
5.92974
11.5301
2.43631
0.826146
4.62941
3.49663
8.28452
5.84777
0.753883
3.62061
1.66577
8.08027
0.399816
12.252
10.5569
4.75239
0.211257
2.86589
0.73458
0.0799991
0.381238
2.04015
1.44056
8.45807
3.1964
0.143625
0.107981
5.48266
6.08915
1.73734
1.86994
0.884853
7.8543
9.05281
0.880116
14.7571
0.542615
11.1333
2.60896
7.0844
10.0173
4.7702
12.9133
10.0554
1.10135
1.59532
9.81311
0.20609
5.19677
6.1622
6.04323
4.97951
0.345043
9.00256
1.60296
12.4016
9.47574
2.65428
10.5808
8.47632
4.04413
8.58134
1.95727
1.43167
9.05524
2.94765
8.73107
13.2518
3.43755
6.92995
3.38833
4.09896
6.86683
17.7828
0.67097
13.6867
10.6957
13.5042
12.1596
5.21852
0.786682
1.13691
12.9941
2.29111
13.6311
3.75497
13.8951
6.11958
9.65763
14.458
6.92841
4.10566
0.587378
10.8545
2.72787
3.10654
13.9438
11.0881
4.88959
3.68904
9.49935
0.470495
2.66281
4.40543
3.32575
0.268202
4.01316
0.500741
10.8523
14.9363
7.43692
11.4676
10.2381
9.59221
5.31713
0.451221
10.5204
5.92482
2.1926
2.97984
9.3593
1.00583
0.739642
0.422981
11.8219
9.70051
6.42896
2.40722
1.45459
1.07938
10.7757
0.46161
8.34722
1.39113
8.09144
9.36293
3.35592
8.3297
10.0284
3.21994
4.74013
10.5982
3.16543
6.56693
14.6313
1.23446
7.52383
11.5716
3.75629
12.4347
14.3566
3.21094
13.2927
8.25233
9.80192
13.2477
0.845696
0.326868
1.30301
2.23406
11.7781
11.1655
10.8538
1.02504
0.312934
8.2484
16.7962
10.9395
3.57276
3.23528
0.411311
1.38776
6.14109
1.4131
8.01689
2.4259
1.07428
0.786965
0.711164
15.6871
6.3599
8.91489
11.0624
0.734869
11.2837
9.41928
8.48622
9.63805
7.9138
0.941408
0.570398
0.112214
10.6646
3.61385
1.87096
0.414861
4.46951
5.56365
11.6154
1.05144
4.4429
5.2788
6.99173
0.373621
0.627949
4.93134
10.0347
0.0940317
5.89175
4.82321
1.97923
9.46363
4.24879
3.9416
5.50505
6.9166
2.50832
6.9631
10.6608
6.41362
2.97299
12.4268
1.26163
1.46925
2.52321
7.44402
18.3523
2.18381
2.21059
5.99317
8.4723
3.4981
2.35054
5.82925
3.29989
1.49737
0.66051
0.139271
3.77318
7.40329
9.2258
11.2173
11.2669
9.46154
8.55633
0.680358
4.43354
11.299
14.3545
0.522558
3.025
1.43939
7.39572
8.67153
7.66629
9.55934
2.75624
6.71429
18.2257
10.701
2.4445
8.47749
2.24564
5.19778
7.18448
1.99093
2.40906
9.60048
11.093
3.75319
12.5152
8.23686
6.45442
0.384107
0.392561
7.46881
0.687487
10.4477
2.25645
17.8556
0.771794
4.84344
10.3216
4.18068
3.59447
4.89609
8.15462
1.63576
8.63371
0.169987
2.41519
5.6832
0.288439
0.427639
10.9053
3.62573
9.76114
4.24017
1.39324
1.37997
0.528607
6.6029
5.59611
9.06086
10.2457
7.58954
6.05333
7.78099
0.0917059
2.33954
0.0739924
2.9329
0.79226
1.44158
3.79988
8.82217
2.31371
11.6119
8.17153
9.1388
2.14675
1.3219
9.29847
4.35958
13.6197
9.48999
1.6618
9.46147
0.599728
3.92639
1.27801
0.451025
5.20532
8.85323
8.71996
10.0475
9.41078
11.3451
3.27143
8.01944
6.42104
10.1582
2.471
9.44687
0.74909
0.890097
6.91726
8.6118
3.25892
15.6449
8.59321
4.02375
2.71924
6.15571
0.536451
5.38083
0.687364
2.38113
1.62088
1.83639
8.1485
10.8321
5.04825
2.49519
5.63201
0.911443
5.98135
5.7413
6.57132
0.154026
10.2862
0.259933
3.02921
0.279282
4.95259
6.68442
10.6354
10.6337
12.7306
9.66039
9.87077
3.27681
8.23067
1.69987
7.6625
4.62517
7.83959
8.62946
7.982
2.32377
4.08128
9.48494
2.10296
3.35903
6.27913
0.612089
0.235021
3.06658
7.2463
8.6304
6.61848
1.86533
0.428354
7.45913
8.92048
10.5367
1.3655
7.24424
10.4857
3.25001
10.9849
1.56564
8.5663
6.31327
1.34844
10.3272
13.0291
3.33584
1.03829
2.96285
8.69968
3.61756
8.08738
8.1447
4.01576
6.33575
8.50319
0.146737
8.0536
8.89319
5.15338
4.14366
11.2721
2.79151
5.96771
0.720222
4.78907
0.0806922
6.27236
8.90559
4.80411
8.99922
9.08421
2.10052
13.8148
0.868885
2.3004
1.1538
0.118199
0.187459
2.37875
2.56158
4.22996
11.3515
5.14519
7.49651
4.29313
9.85049
5.72217
4.87879
4.83686
4.0469
8.06921
3.86774
2.0071
10.4447
2.11783
14.0034
2.06726
4.13852
4.34007
4.66653
11.3066
3.23239
0.905936
4.48552
1.61538
16.2997
19.2973
9.60782
11.548
11.4886
0.113825
0.864404
4.058
1.40226
11.2941
0.148308
1.20209
10.764
2.21953
10.6581
9.28899
5.21426
9.9193
9.64439
3.25544
3.50039
8.18516
10.5389
11.9682
1.00649
6.81881
5.09635
2.48908
3.37367
4.20064
0.353835
11.3177
7.9706
0.267917
1.73816
6.59746
0.026788
10.7907
9.89956
2.93521
2.57069
13.9604
6.64719
3.47136
10.8986
3.82538
12.2439
6.82846
0.868256
4.79881
0.803551
3.14102
0.668043
0.755766
0.0254205
6.06187
3.16341
7.79243
9.20316
0.097981
4.70785
8.08228
18.6729
8.32139
2.29867
2.9531
3.73115
3.3209
0.289822
8.4742
5.15155
5.30546
2.06929
3.45893
7.00653
2.8764
6.15644
13.1641
12.3208
0.396452
0.0705689
12.2098
6.84306
0.224035
1.87087
1.80624
7.61059
3.60096
11.3252
0.294433
4.28111
8.78301
10.9527
1.12193
2.47699
3.04525
0.669243
4.37437
4.36532
0.137478
12.6833
1.16274
9.9752
0.45734
1.45039
4.43065
14.4255
3.80635
8.47949
0.960732
11.7484
4.53421
3.17556
8.75813
7.80504
11.2003
8.18373
6.49038
13.4927
9.36895
1.9158
6.07745
8.11179
2.77623
4.15314
6.5316
5.45017
0.230004
10.4198
2.88081
7.92979
8.66875
0.360987
8.88483
8.05077
2.11106
9.68348
2.5572
1.96355
6.14947
0.6845
10.5265
1.77827
0.262768
3.93354
5.96966
9.24312
8.38377
1.0241
3.3479
1.47775
1.67621
7.84538
1.36774
3.22559
17.5754
1.29782
8.14665
7.16107
12.4792
4.86171
9.07274
11.5157
14.317
3.60499
0.477055
0.253271
9.0371
7.17652
2.62346
0.515703
0.217815
4.04909
12.9815
6.18964
5.39941
11.1464
1.86889
8.18188
8.18594
3.86841
6.97353
0.718351
15.0446
0.451971
0.224634
8.98538
2.67678
8.31137
12.1729
7.29638
0.164211
2.22307
12.2708
9.88647
10.5102
7.75613
16.2583
0.846361
11.8942
6.78611
0.302633
3.82009
6.25279
9.36175
2.69198
2.17032
10.7103
2.50108
2.96292
5.04743
7.49172
9.93246
7.52339
3.05471
4.89482
8.9572
5.32882
3.67991
0.098264
3.34102
14.4596
0.497865
12.8064
2.22265
6.98608
12.6709
3.40603
4.14301
1.21475
6.31376
0.437525
0.308475
3.41834
5.44705
5.65897
11.1947
10.1584
12.81
10.131
4.44528
5.62244
4.32395
9.32447
10.377
0.0388501
1.58255
4.10949
8.25856
0.7192
6.37616
10.0341
8.7405
12.0185
1.79042
11.4829
7.60118
3.46572
11.2704
11.8744
3.88379
1.05295
5.81132
6.45218
17.8376
9.00533
1.2205
9.86932
0.672381
7.79053
3.14731
0.706868
0.794093
7.70692
4.1679
0.433919
10.3237
2.53062
12.7781
9.15023
11.4286
8.16435
5.79565
8.66321
0.163873
12.4271
11.1306
14.6725
1.41237
6.57612
1.36711
4.26469
9.95402
8.41081
4.78685
6.4741
12.9143
12.0202
0.807748
3.85923
4.54397
4.80499
1.77463
13.619
4.78813
4.97017
3.34976
9.50644
8.142
6.40159
6.58466
10.1325
11.8674
3.93534
0.606861
2.13794
1.04707
15.3597
6.93937
16.8163
2.22258
11.2613
5.86285
2.47266
10.5505
1.71267
4.62849
3.89116
1.21237
14.5291
10.2913
0.326749
8.71161
1.17734
11.2964
6.73166
8.65019
5.98598
12.3627
4.55544
1.00036
10.5596
13.599
1.32671
3.92793
10.1742
0.465691
2.89677
10.071
7.3367
3.27706
6.15707
4.12102
7.69921
3.47219
0.0486665
3.91103
8.56365
10.6423
10.1642
0.103562
1.25016
3.14852
1.36098
7.84294
12.0461
0.470152
3.60274
4.66703
3.26382
9.508
7.95256
2.87075
2.57165
11.3419
5.41355
8.73866
8.8855
5.40082
2.95152
11.4568
2.94181
0.138121
3.72828
4.69061
5.26228
1.66707
9.76469
0.400727
2.81076
6.01555
9.68256
17.4316
12.5696
5.47996
1.6295
0.17235
0.688839
3.78135
4.85623
1.73696
3.74316
18.9849
4.75955
1.81741
0.736706
3.65457
11.7515
6.10212
0.0156111
2.19861
1.63351
9.66415
2.26439
2.2548
3.04094
0.940822
6.70173
7.59003
0.912475
4.18244
11.4863
4.0091
0.275591
10.2116
13.6736
0.0691315
0.393261
9.62763
10.833
12.9044
9.25202
3.60306
1.49146
1.04751
2.53549
5.38568
2.43847
9.36446
6.69568
4.38633
3.84603
0.307426
10.454
2.27386
6.21699
8.72507
9.57361
7.43454
1.25051
11.5402
16.1638
2.92645
0.387601
1.09023
0.170483
3.0508
3.37616
11.4938
1.99391
2.74295
4.56067
9.49974
9.12633
12.2093
2.00564
3.64973
1.58913
9.52871
3.46358
2.64706
0.913246
13.3265
5.27111
0.308405
11.8697
8.73455
2.51174
5.18452
15.6323
2.32083
0.0316615
0.350036
0.934778
4.46915
0.0237066
1.67687
6.99492
2.77517
16.2803
1.38359
19.584
9.8497
0.354919
6.06668
0.107076
3.39712
14.6349
5.55179
2.07493
3.88925
1.02723
3.89745
7.74991
12.6244
1.37135
1.03653
4.86993
7.81717
11.6125
3.55939
2.18887
0.957634
6.24927
5.21244
10.8972
8.56307
3.62976
7.19332
0.16474
13.2597
1.76591
7.41089
2.45557
8.90072
3.75422
3.31323
2.87504
11.4428
7.14141
12.0762
4.68003
1.83421
8.39295
13.1607
12.0698
9.4974
1.55497
13.938
2.08776
1.69134
5.82721
8.74395
2.17279
7.32487
8.8117
7.31014
12.8904
7.24423
5.2349
3.83649
9.57409
7.59174
8.53579
6.64557
12.7912
6.21501
9.77575
0.895243
8.73784
10.0971
13.4807
6.64671
5.28204
1.6873
7.85053
2.41
9.93142
10.0377
0.886187
2.37413
13.3974
0.870591
5.66559
0.358579
13.3986
8.5825
6.50941
7.82484
1.55059
3.8344
4.61225
1.13783
5.44857
12.3882
10.3688
7.49289
0.974694
6.28699
8.72955
1.16597
3.12531
1.42448
7.41248
2.74492
8.18874
2.50151
9.54797
0.702902
0.56687
7.01771
1.29677
12.8241
9.79132
0.244193
0.596442
1.532
8.55418
4.68009
4.56359
2.98521
3.93387
8.19834
4.83394
6.65898
0.907425
5.52233
2.69236
11.268
3.41217
17.3417
6.04197
13.38
5.7865
11.4844
12.2366
0.0498417
2.50149
0.175877
6.55562
1.40231
1.47278
1.98656
0.526253
6.11503
2.15449
1.23086
1.98127
5.63109
0.797682
7.87981
3.64056
1.44755
1.46351
1.96343
3.32303
2.06175
5.41167
7.00545
1.67844
8.89749
11.3811
3.18027
0.105257
14.8014
2.33649
13.7336
0.932665
9.25237
8.34764
4.95659
2.15666
1.97951
1.63062
4.46306
7.95046
0.116198
10.3565
13.8239
8.64598
1.35965
1.18195
8.01527
10.4166
1.87546
10.7692
14.5802
12.8967
13.9032
0.797126
4.98444
14.3905
11.3889
0.773566
9.67908
5.89943
2.95767
8.27761
10.3916
1.7683
2.06463
5.16738
5.15611
11.9513
3.01322
4.66893
1.33921
9.452
11.1358
2.19192
7.60355
1.52968
4.03463
3.28852
2.29041
1.19602
4.23111
2.63192
0.888749
3.53545
7.07223
1.81472
3.49657
3.13713
1.70489
1.72518
1.54284
8.38746
0.31496
7.7862
1.4324
8.89218
7.42473
6.72672
9.39733
9.18787
3.17126
4.41281
10.8438
7.96544
0.163343
11.4541
12.0496
1.68721
1.46515
4.96171
10.3594
6.94047
11.3849
3.93448
7.3355
5.91531
5.86818
9.26451
0.4761
2.1022
0.756867
0.594972
7.43737
17.0813
0.601402
3.93844
1.44775
2.37739
2.35206
1.07215
11.2766
1.15536
6.16092
3.29678
13.3297
8.06444
10.7181
6.81719
0.162468
6.72278
0.852875
1.09219
2.47481
0.727504
9.77957
7.6835
15.2052
8.00296
10.0948
2.94387
0.832667
0.288033
17.673
8.65947
4.74765
4.32454
3.91858
4.09255
10.486
5.55748
2.38908
8.90318
7.74513
10.0944
11.33
4.62113
11.0453
3.76955
11.2047
13.3431
7.493
10.83
0.659827
13.2281
0.177404
3.81879
7.57342
9.87953
0.562443
8.17146
1.68465
7.92525
1.85264
5.18369
7.20507
10.4978
6.82357
8.0772
7.48155
2.39683
1.8336
11.281
1.29382
6.98017
13.1008
5.09271
2.56457
10.9851
1.89429
9.11279
13.7833
9.93269
8.33458
12.2539
5.64385
1.28825
9.97044
7.87352
11.1623
4.88859
11.4504
7.1007
10.2894
7.50617
1.64611
4.4625
0.827016
7.65879
15.2211
2.16351
14.725
5.95373
7.67599
10.6246
3.54025
12.483
0.522136
6.32063
1.15835
11.9189
2.98188
2.07505
6.76693
2.30516
11.3332
1.90869
11.7614
9.82616
6.39962
2.05705
4.23127
3.87775
5.90313
9.43209
12.8075
2.9751
3.26469
1.82401
5.15319
9.60087
9.66334
9.11418
2.57675
1.21953
12.6346
0.557161
8.07724
2.51118
10.7587
14.35
4.99637
0.468821
9.69792
1.59001
8.35306
9.24721
3.26541
7.63951
12.3456
15.4148
11.6949
5.26644
0.875476
7.50166
1.1125
16.5152
0.573655
0.0104016
13.4831
2.35697
3.05514
5.13611
4.31928
14.3375
0.951132
3.13496
0.742861
9.07999
2.55643
0.6909
4.96178
1.30704
7.99661
1.5621
9.35421
3.82858
0.0864486
12.1137
8.84217
2.46912
3.46251
0.101338
3.34445
0.843316
6.17391
12.0086
10.8576
8.27021
3.0246
8.29912
1.68785
2.00226
7.3227
3.90709
11.7998
8.16188
7.12562
0.352765
4.51788
17.4947
4.24521
0.855195
5.47465
13.4108
8.40388
2.75258
8.1122
6.46494
4.46448
17.2592
5.48841
5.37059
0.659505
11.7761
0.27385
2.69138
11.2632
10.7892
5.94741
9.72109
8.40372
0.623172
8.95238
5.32284
0.289224
0.273775
4.2554
1.52521
1.52625
1.45229
1.92215
3.26442
3.03367
1.3879
1.74455
8.64946
4.14619
2.94998
12.5215
2.79503
0.778194
12.3332
11.9799
0.455204
1.31155
10.6163
8.52237
13.5172
4.56967
3.09537
0.43627
6.79536
5.92004
1.4275
5.30483
3.13996
7.00103
4.62734
2.42532
1.93341
11.9817
2.13041
1.6382
5.13034
2.60097
7.61781
2.02954
8.00199
9.48656
4.30095
14.3256
2.12404
5.27132
0.138689
9.45111
1.20941
9.63937
0.081462
12.7765
5.88877
6.71078
1.38208
10.8643
12.5782
4.3236
0.184044
1.13768
6.55391
0.999647
9.59552
1.28716
0.846607
8.68339
2.03508
18.7854
2.5576
1.094
8.1797
10.6314
9.09471
2.77155
0.0253429
0.95805
3.50964
8.91784
8.1021
6.46401
5.92834
16.5521
3.20804
12.8884
9.8285
0.724823
0.38061
0.854001
0.336115
13.6457
5.70974
10.3132
0.760658
10.4795
1.0157
5.12735
1.44365
8.19897
6.31964
4.12664
9.87803
7.20539
10.175
11.7632
12.0962
10.6752
10.4117
3.54101
1.2515
9.28823
3.83475
11.6474
9.49748
14.1598
7.93888
1.08106
10.2175
9.93248
1.53403
14.2201
5.55465
8.21065
1.70406
2.70554
8.10444
9.04887
6.74157
12.9276
4.30846
4.73345
7.62864
8.0832
0.569585
9.96976
9.73598
4.06952
6.57064
1.83821
5.09054
12.8528
2.57525
0.668987
1.1749
8.88589
4.64346
6.63731
3.83235
0.417872
11.2868
1.33225
8.70446
1.22696
3.77706
14.588
6.94293
9.48262
3.18002
4.74126
2.10681
1.94191
1.32602
12.2525
11.0786
12.2883
10.418
8.21814
4.48582
12.6465
1.75769
3.58537
3.3501
7.43964
0.652925
0.761694
13.0677
0.646936
5.80433
11.9138
1.9775
1.76467
10.9244
12.7584
6.56002
4.27092
2.31425
1.39254
9.08956
1.96852
5.66081
1.34772
3.56707
11.0925
12.1571
2.12973
5.18434
10.2378
0.432609
9.89655
5.62053
7.95053
11.7593
0.909567
5.43327
7.75328
0.915199
8.01817
12.8334
0.857491
3.55418
11.1443
6.60599
1.92731
8.36359
7.12276
2.51201
10.9194
5.76588
14.6164
14.9283
16.4437
9.99236
9.4317
5.20457
10.6201
10.6116
12.133
0.0567804
9.78181
7.10546
1.53045
0.318514
2.00153
10.0053
11.3482
1.51684
9.77408
1.10208
1.39308
1.81763
10.4455
0.731599
0.366682
4.12083
8.9652
9.62329
1.7606
12.4293
0.496182
7.0908
0.156056
9.874
1.64835
3.12652
0.759186
7.76181
6.78793
10.2705
0.441424
1.87242
3.79641
2.76923
5.59449
3.39682
11.9203
1.44389
3.03133
2.34979
9.95726
6.13414
2.16732
0.206424
0.426224
9.44206
11.0686
11.3052
7.03847
1.80925
8.031
6.12198
9.01459
3.57911
2.33388
3.0728
5.10347
3.38818
2.55566
2.55943
5.01013
18.7401
5.30322
4.1137
11.3592
9.77632
6.38203
4.36059
0.980018
5.58815
4.06193
2.47606
9.73263
9.84912
4.14258
12.9487
12.4533
8.0359
0.460684
2.84654
7.02494
10.5095
3.75498
1.66038
10.6021
2.58717
3.6211
1.66838
7.85406
12.3603
3.0683
1.21103
4.43046
1.5663
8.81502
6.02187
1.35557
14.8425
4.51209
8.9341
14.0055
9.5188
12.8071
0.168406
7.66164
1.01634
3.35491
3.67382
9.24217
1.57434
0.297061
1.14932
16.9767
0.898306
4.21633
4.45907
0.612991
3.56563
4.86311
12.4765
2.85018
1.27356
6.22391
4.5207
9.80062
6.11487
7.03434
4.93603
9.71168
8.89953
6.14656
5.29703
11.2786
0.67049
5.13959
10.7479
12.727
2.77872
4.40205
12.7919
5.06257
0.200929
13.1946
2.06267
8.46401
5.65829
2.03881
1.78301
12.3466
15.537
14.3832
5.24692
10.4861
10.6263
0.595518
2.88477
0.93319
3.02133
0.215289
3.04177
9.70353
6.29392
7.32846
1.54921
6.28997
5.05615
2.15015
0.0179987
6.83061
3.95497
4.93992
5.06291
4.40567
11.0743
5.82055
3.82109
2.70843
0.847606
0.534758
5.69173
1.67864
8.37628
6.97866
9.78891
8.21845
2.54812
0.79899
1.5983
11.7652
5.0322
5.04629
12.9867
1.29654
10.1779
12.4014
4.1001
1.76754
12.083
2.46429
15.7727
13.8451
2.4092
1.4411
11.7489
7.49851
10.1111
0.993804
0.0975543
2.4224
0.10032
8.34949
8.33628
11.322
2.21239
8.32274
8.43258
2.08955
7.85832
8.83066
2.79135
2.3349
1.00731
1.50538
0.960801
3.0265
0.301998
15.3554
9.47259
4.51466
1.01439
2.83633
10.4338
6.45975
7.50893
2.12632
13.3701
3.2146
11.5556
0.02031
0.232566
8.70985
10.3185
3.92744
9.44013
0.467484
0.280218
8.26146
5.56017
10.2848
14.2059
7.67491
12.3356
12.8357
1.48347
3.37454
1.22029
5.0114
5.18782
11.3767
1.08997
1.43546
1.20203
10.0829
1.46785
11.5777
0.937103
6.46629
14.8703
5.29006
8.33867
10.621
7.85295
5.29018
9.09318
2.19899
2.86266
8.80994
6.72055
11.955
7.66731
8.85849
2.7932
2.64652
0.160307
2.08494
13.8103
6.87085
0.82577
2.39605
9.17362
12.4008
8.10429
7.59122
1.84539
8.61288
11.695
5.68777
5.35956
0.197787
0.0446011
2.67227
1.38585
4.8915
0.102695
2.6481
3.5894
9.43625
3.65224
2.00889
15.5351
18.325
14.9312
0.743514
1.84815
9.06102
18.0939
4.97593
10.5009
6.7073
1.84139
4.64673
0.848183
2.46928
11.5287
0.976938
10.7727
1.49085
5.11015
2.7858
2.3437
2.30749
12.5501
0.848109
3.83708
6.77856
11.5564
7.07876
0.848035
10.4201
1.01317
10.5071
3.84223
5.55663
14.1149
11.4421
11.1499
10.0626
7.47617
2.43247
11.3377
0.255318
9.14586
10.606
1.31633
0.990789
6.69646
11.296
2.92745
7.5484
0.101414
4.96253
2.12544
5.23296
3.76964
9.54959
4.35008
1.82521
1.46223
5.89872
13.7542
11.154
0.503498
3.24711
1.25558
8.1035
5.0949
0.470563
2.69999
7.98479
2.55294
0.587428
0.0507484
0.40481
2.15518
6.64103
7.18227
5.07685
5.87631
1.83225
7.84162
7.57406
2.95111
6.36597
11.8471
9.22397
6.5177
5.52399
18.075
1.27468
2.38056
0.628546
9.65322
10.5964
4.3231
8.90882
8.2691
0.355719
1.851
0.482431
6.36677
0.420871
2.54675
11.1511
0.0599492
1.00257
10.9088
4.13225
8.80819
6.91694
13.1406
2.01579
3.18352
4.48381
6.49634
7.29143
1.06987
4.62187
3.9556
2.40854
10.7039
8.23144
7.54141
9.55524
2.71689
12.2867
2.42712
18.6957
10.5855
4.8527
1.74591
8.89206
3.8101
2.29639
0.917994
2.48149
10.7723
15.7523
0.509129
2.02576
1.32159
8.21891
8.89569
11.1571
4.04436
4.24915
5.36894
12.0998
0.71613
7.56565
1.20834
2.754
7.11702
8.166
0.541343
1.55401
9.76426
2.41955
0.918702
4.53444
2.76477
5.1009
3.84609
11.1932
9.726
4.85958
12.08
2.82044
2.90927
1.7372
4.28198
1.9785
12.2419
7.44808
6.58931
0.127282
17.0109
3.0017
15.4499
3.72663
11.9078
1.19916
12.4665
0.156168
3.14048
1.60353
2.22222
9.45452
9.40061
13.4718
9.54821
8.31113
13.6987
3.93844
0.13277
6.53532
5.05537
7.72745
1.19205
1.26902
10.0137
1.39231
0.0328741
7.71317
1.02
4.74589
10.7842
9.54317
4.27642
0.0717599
11.5607
13.7663
13.7271
3.8258
12.3665
3.57151
8.5515
2.69648
7.09043
2.50642
2.22227
11.3759
10.4518
2.75418
3.58905
7.42941
9.04619
7.02819
8.58673
9.17004
9.97636
11.2039
0.943735
4.9864
0.0581005
2.47633
2.4192
2.39424
2.2679
2.08855
3.73648
8.62291
6.62524
16.3072
0.213261
8.73759
3.02003
10.3031
1.48639
17.7195
1.23449
10.7464
18.6517
7.47001
1.85258
1.53851
14.9084
10.204
8.6764
8.4779
0.943075
3.87242
10.1575
11.3338
8.13875
0.00360659
1.68262
2.78488
3.32008
0.481845
10.7248
2.20218
12.6117
0.228359
10.7788
3.15452
3.99436
10.7109
0.727786
5.58417
9.22999
6.2986
5.10612
8.38928
12.7215
9.43756
2.44769
10.0927
1.36044
4.17247
9.27288
1.11017
2.58994
2.83697
5.31214
6.90146
5.0873
2.8907
0.597655
10.4862
3.44528
10.3101
4.31421
0.0967652
8.47831
13.3771
0.406808
7.87949
3.87072
7.56039
1.98186
12.7445
3.6145
3.07823
4.2093
6.31585
0.747325
1.31699
11.6096
7.79911
18.7606
7.02276
14.8884
8.79686
3.43628
8.76813
8.48293
14.4787
11.3201
8.72557
2.00682
7.85498
0.995229
2.35158
7.30403
10.8046
7.27861
10.1656
6.56475
2.59186
1.64639
8.03493
1.21714
8.2558
0.292051
10.995
5.72112
0.49507
4.38636
7.804
2.93939
1.84624
5.40481
6.11409
9.80371
9.14372
0.203572
10.3443
10.1855
4.93541
11.4277
11.1615
3.11267
11.5018
1.07641
0.783875
0.777474
12.0937
8.27026
2.01476
5.96335
5.6674
0.346806
0.214942
10.2223
3.41863
5.01228
4.93889
0.506705
3.85855
7.91062
4.38611
4.98083
10.3807
3.57714
10.2258
5.43023
0.051306
8.58066
7.81768
0.862871
3.74265
9.18406
2.78463
13.8853
2.84078
8.36008
9.67944
2.9356
0.77089
6.15195
10.219
2.24603
9.81421
8.87115
0.463448
7.0704
6.80645
12.1434
4.22973
0.151409
5.72133
4.31857
11.803
4.62136
3.75628
0.651417
2.68681
11.5412
0.757493
14.55
0.903981
0.173628
7.39176
8.65272
0.0784443
0.772833
0.683275
9.5183
12.2539
8.82643
2.45925
19.1431
5.54336
0.072539
12.269
3.79566
2.85684
2.62789
1.15561
4.03419
6.65381
10.6447
2.92724
6.77054
5.49602
7.74552
0.536962
3.91195
9.68233
10.7346
13.5565
7.26908
7.49457
11.7477
1.67734
1.17177
0.879373
3.9698
1.84619
3.77839
9.20372
10.8277
5.25127
8.0064
0.0330692
1.39633
3.98162
10.213
1.49061
12.6603
10.0419
0.292343
4.79311
11.3341
0.387063
8.48435
2.38161
0.993331
0.0857725
0.0111546
5.13798
6.61108
7.64735
2.83331
8.60791
15.0816
8.60378
1.04601
1.75704
4.1781
9.2152
1.47136
0.171428
2.83175
0.358075
10.6801
8.50187
7.84208
10.9815
10.8321
1.74467
11.0564
3.00299
11.0925
1.36599
0.326092
9.2141
2.90734
1.76293
1.13877
8.50568
7.22525
8.40397
4.2309
5.70027
13.7723
1.11637
19.5309
8.70436
0.412369
10.5798
2.38392
10.9212
2.98153
3.68591
6.83894
6.25545
5.45048
0.349604
12.4239
3.2401
0.934617
4.05865
0.777042
2.45718
4.64536
8.34387
6.20826
7.63591
5.16262
6.89053
6.06318
6.10985
3.06177
5.3935
0.952892
8.10928
14.1305
1.29847
12.8152
14.9317
1.12283
18.9267
2.41874
0.517629
3.22505
11.6332
0.834525
0.827328
6.16165
9.58239
12.6789
19.8215
2.71729
7.21929
2.05624
2.0993
4.25543
1.1038
0.202247
2.53075
2.81129
11.7305
8.74431
1.92317
8.15078
4.89494
1.58293
1.69238
11.761
7.57691
16.5469
13.1663
2.92745
5.45191
5.54952
2.98235
14.6374
4.91988
5.12179
5.84011
1.23635
15.6438
12.7494
4.9615
6.87361
11.6076
2.98288
3.22621
9.16281
7.2849
3.48333
4.94594
7.26088
0.707127
3.34929
3.38201
1.37768
1.99634
7.48047
4.64176
3.082
10.2265
0.28439
0.54038
0.661475
5.76653
2.32197
16.6421
