3.9132e-05
0.705156
7.04485
3.06845
3.80464
1.23564
0.240936
5.67946
5.68619
13.6433
2.4185
3.66377
8.88826
0.175919
0.274719
3.77192
5.56076
0.0386399
2.4178
0.345905
2.70201
5.80413
4.44553
13.3276
9.35943
3.74255
0.482361
5.30541
2.68927
6.03975
12.0576
7.18159
1.52213
0.24314
6.66058
1.98923
5.00705
7.06135
23.5735
2.27332
1.41871
20.2422
6.41256
6.99904
5.27085
0.377315
4.9934
10.8014
1.59215
2.86715
7.27275
3.24787
1.35756
1.60728
2.2257
0.910651
3.3327
11.3971
11.9959
0.31238
11.7512
3.51117
3.63137
1.92121
21.5782
3.40586
1.54722
0.475582
14.7599
0.383051
3.47281
2.4237
1.6223
12.2564
3.77243
3.12227
14.1494
0.256909
7.16723
7.35283
8.796
0.669745
0.0799747
5.83106
10.1341
4.9651
6.66328
6.46242
37.6001
10.9719
1.32761
1.82874
2.16173
3.60027
4.47159
9.35341
2.65583
9.21034
1.56888
2.68409
3.85342
3.15478
1.69286
0.982068
0.834525
4.23913
8.1077
0.168062
3.82268
3.45056
15.5457
6.89744
4.04373
11.07
4.90214
9.22705
0.870383
1.19606
6.27124
0.698766
0.476998
1.60508
0.0150205
2.67468
0.13622
6.18626
13.8948
1.3716
0.997721
1.91025
10.9014
5.27861
0.814566
5.71825
2.43729
2.45287
3.46315
0.798104
4.4238
9.34026
4.45932
15.5511
4.0613
0.801733
20.4633
2.62772
0.764706
4.16088
1.45261
3.35218
3.11839
16.2332
0.673551
1.1142
1.9228
4.96139
0.67745
5.26705
4.85947
8.12461
1.42404
3.23544
2.46586
1.13607
0.143928
11.5973
2.77996
0.765878
14.7335
2.64082
0.703146
10.8424
0.483511
0.884871
0.368575
2.27332
1.45883
0.725761
7.64282
3.03767
2.15026
3.01014
8.27596
13.4174
5.27268
1.21194
5.69081
11.9802
1.43925
9.86137
3.18631
3.52565
4.58638
8.50671
7.04973
3.10176
15.1173
5.00841
2.89312
8.70621
5.8395
6.05678
21.7703
15.4409
9.5281
1.70764
3.85474
3.61221
0.545916
2.67242
4.29857
10.4602
2.89944
6.542
10.1729
6.28761
8.06523
6.12999
6.76848
0.0963851
10.8591
3.72207
3.11179
0.337081
6.24873
3.35637
5.50827
5.72929
1.11294
12.4226
10.0452
11.0372
3.92575
0.749436
2.99234
22.7168
1.21375
2.95316
1.89703
3.61452
10.6644
2.89664
3.15116
8.21626
2.2719
1.18823
35.159
0.833843
4.97786
4.79013
0.0029761
0.00439693
7.42179
6.49756
1.92227
2.70405
5.7363
5.70596
1.14871
9.05226
6.1708
8.82193
0.496609
0.426361
7.21972
4.96548
1.20305
1.20111
0.422677
2.46185
15.1994
14.739
2.47028
1.56818
5.89102
1.67062
7.49991
7.65927
2.74489
1.65751
1.07816
0.0569037
1.06488
20.4425
1.39893
8.56639
0.733546
2.53868
4.5941
0.973269
8.81163
0.85828
22.0881
1.48643
1.33025
0.535907
1.23853
5.03542
5.95376
7.91812
5.95763
6.99063
5.53606
5.01783
0.29048
4.55921
1.28743
1.91933
6.01711
0.624625
7.18943
3.73404
4.03619
4.43353
1.9999
6.06994
0.771851
0.881823
3.3211
9.83863
8.39034
4.06907
6.71611
1.89904
0.72705
3.75969
1.86068
4.43511
3.64992
2.81804
1.49771
2.31197
2.49628
2.96077
3.23033
2.45374
1.63761
0.407478
2.30813
1.46463
5.57042
5.63872
3.60708
6.52096
6.37856
14.4797
3.08739
14.0807
1.9398
3.08495
3.6402
5.41402
2.56943
4.65245
21.5263
0.814912
5.5448
2.10658
3.90127
3.69918
8.83744
0.0753173
1.60247
5.1498
3.9498
12.4959
1.55041
17.5473
1.41668
9.28871
5.92124
3.04175
8.49412
0.111656
0.876227
6.13706
6.15203
2.86917
4.36641
6.96579
23.8579
5.94836
1.63913
7.00933
0.938755
0.021315
3.42283
0.416456
0.89014
11.6808
7.63911
6.86549
2.86728
0.0318094
4.39482
3.65402
0.345945
3.92656
2.46928
1.21562
2.43692
4.92903
5.38015
6.17766
3.86811
1.64453
8.46225
2.32536
5.79343
1.85654
0.0469574
0.547943
3.67986
7.47788
1.2467
0.284327
0.366268
0.873398
6.43249
1.76215
0.259639
3.24856
3.05472
3.66973
2.95737
0.814428
1.68396
8.96927
5.94768
4.3111
5.7154
2.01116
0.295966
21.6692
3.90872
0.00829396
9.6964
0.148975
2.37046
3.36331
4.29215
6.71538
5.68675
3.84223
0.181182
0.653431
18.1259
1.04297
2.16407
4.76122
4.67751
0.67299
4.02444
15.3987
2.20747
9.10393
18.2971
1.49887
1.4486
2.76115
8.38452
11.4097
1.40245
7.14846
5.93486
3.00604
1.53005
5.47564
0.619722
1.17584
0.603362
3.95904
0.0304896
0.967768
4.57345
2.82736
0.430549
5.81439
2.3525
9.04575
0.659877
18.1241
0.150416
0.418827
3.40851
7.33616
13.5928
1.43945
2.22876
7.32916
3.46529
6.91653
5.57224
5.72327
7.06874
0.185227
1.31054
1.25301
4.13456
5.28671
4.79352
2.32182
1.27318
1.33085
5.29232
0.907175
6.81493
0.870325
0.244053
5.42345
0.667342
14.8951
3.30999
4.8517
12.2685
0.0905374
4.50142
6.39836
3.43167
0.275949
2.91369
3.66126
7.39082
0.337949
2.92407
18.9006
3.15313
1.99535
2.95232
6.79873
1.14921
0.939964
2.33022
14.0442
16.7408
1.47157
0.364656
0.661083
3.7363
0.872262
3.64602
0.555691
9.2124
2.29878
2.75729
1.98174
6.2509
4.29927
10.2741
7.09917
9.0577
6.01638
2.46378
13.6855
4.65198
2.24774
3.87726
3.03551
2.56825
1.37508
0.433706
2.73726
3.19689
1.71081
0.554485
1.21919
8.09791
3.74794
5.52547
9.96239
1.39692
6.21642
1.53034
2.41298
0.422376
3.07873
1.32548
7.93233
3.37991
0.01617
1.54704
5.46348
2.76859
1.03404
16.5489
0.719578
7.94464
14.598
0.938612
4.65704
0.32965
2.13466
1.72986
3.56326
8.7388
8.98904
6.48123
1.99817
8.09957
4.99515
0.232004
0.211514
0.832133
7.28498
0.318595
3.66259
13.2359
1.24561
1.14432
0.466022
6.01472
6.12873
3.41233
1.51756
6.21654
2.37702
1.11975
1.32379
2.86436
3.16966
9.87315
18.9134
2.93961
0.174216
3.70929
0.160751
6.99535
4.4774
8.65495
1.99925
1.32034
3.84505
2.81602
2.58406
21.8405
17.0426
9.50332
10.1064
1.86696
0.803135
30.1585
5.10164
3.15626
13.435
5.86839
8.448
3.89935
4.25259
0.867103
14.5249
8.61118
0.844543
0.209711
2.10503
0.582778
0.507608
3.65708
0.113299
4.12179
9.72022
3.63774
5.61234
6.68133
5.99427
0.115317
1.06587
5.55835
2.12226
0.342948
0.758247
12.699
1.25294
2.3911
4.40964
0.915486
0.133464
5.87412
7.18465
6.25349
0.402387
4.45567
12.985
13.2748
2.81451
3.52579
8.89686
12.5811
4.60197
6.43381
3.66294
3.37474
0.880223
18.6726
4.27081
1.59587
3.79032
5.99589
5.4988
0.512559
3.97852
4.71751
5.51258
3.41723
4.23829
4.44445
2.91083
0.819758
3.48854
6.57199
0.160842
0.264983
3.69139
1.93304
0.178444
1.40613
0.566854
2.41418
4.01291
4.54618
4.7223
13.6862
7.39271
3.59898
3.33429
5.25094
5.97004
2.61734
3.33593
3.26754
6.19714
3.81998
1.61929
4.65116
1.64324
6.07634
3.78032
13.9236
1.34203
2.66786
4.55001
7.63934
12.6444
5.72052
8.6068
3.74767
1.30858
0.77558
11.489
1.4479
5.27079
0.0241362
13.7394
1.61035
9.78668
1.63509
15.2279
3.5344
0.655955
2.69334
6.06122
2.86786
0.569982
7.26591
0.526056
2.9104
2.11237
1.76245
7.08627
2.0663
2.00805
0.28606
4.257
3.32072
1.13125
0.607871
18.3156
9.99796
3.3848
2.28954
8.17153
0.884902
0.869266
0.29728
0.808193
3.15651
2.39509
10.7581
2.7594
2.65725
5.26764
1.84321
0.310135
8.42125
11.3971
12.597
11.5742
7.34939
0.936447
4.24833
0.159537
8.12956
3.69297
9.88882
1.6231
10.1817
4.41987
2.4647
8.35378
3.72926
14.0564
2.72396
4.33587
6.9144
10.6341
2.06309
1.05082
6.79585
6.34557
10.5665
0.378302
6.19133
10.5623
2.22659
0.470746
0.877897
2.69609
0.507
5.61493
4.13467
8.38449
10.5265
7.33449
5.0421
11.3421
10.5356
3.33224
0.599949
2.36993
2.41135
5.817
0.649061
0.399665
0.773349
3.247
6.16509
1.35917
2.47941
18.6237
4.95462
5.71594
11.9675
2.25022
9.80254
7.90615
2.80072
0.381765
3.45206
3.30701
2.99587
3.46231
6.74998
13.5036
1.78424
0.790266
0.582773
0.418659
17.9635
2.62274
1.36174
16.5059
8.96302
1.10373
0.693332
1.09269
2.07091
4.28633
2.90149
4.40552
2.8359
2.29593
2.4089
4.58311
2.80597
0.805467
5.54629
26.9092
5.98774
2.57701
9.4616
8.56088
7.88442
2.34402
0.0482717
3.2675
5.09519
5.19929
5.17675
8.02312
2.36897
2.21328
2.46739
2.03463
5.91413
0.782669
1.72321
5.49591
9.63326
1.88948
0.778257
4.60965
0.0280193
12.6808
2.40597
3.63385
2.11145
1.53353
1.7195
8.96825
0.664177
5.03408
0.249616
3.06287
2.36457
0.847261
7.04998
5.48267
0.057988
7.92082
4.1153
1.70298
2.68551
1.93281
3.61381
6.34977
9.22719
1.31915
3.12751
2.33691
0.256693
0.383597
1.13105
4.17566
8.90481
2.74569
9.14882
1.73393
0.999551
2.21214
13.5989
4.45091
2.30257
3.10933
4.94203
14.4525
2.60258
0.259002
2.94259
4.5308
6.89781
9.98181
0.702193
0.552308
5.47272
8.96013
4.35283
5.37341
20.0959
0.0954861
12.7216
1.08257
17.167
3.70195
1.63416
6.36116
4.46359
9.07254
8.99971
5.3924
6.55497
5.15047
2.15029
3.82726
5.45541
1.95359
10.17
2.9203
12.5032
1.61943
15.1571
0.623497
2.68933
9.0509
16.4218
2.02429
3.73466
3.83888
8.52169
13.2885
5.43677
1.39347
14.1876
4.54066
0.673567
1.41828
10.8897
1.09189
0.889405
9.03935
4.61161
4.88077
9.12178
5.56835
2.48425
10.2507
5.50329
0.614266
0.00020113
5.63607
4.95444
3.03069
4.27064
0.164008
2.16464
9.65795
2.31683
5.41505
4.29518
0.309163
6.82204
1.639
2.92257
0.970473
0.481458
11.377
24.4109
4.50897
0.167802
5.87096
3.33946
4.21218
11.3036
2.85025
5.83329
1.1355
3.2862
1.59031
14.6986
1.40056
15.316
3.24041
0.6796
16.2772
9.73
1.22573
0.0351631
7.6272
0.258537
16.1012
5.12738
4.25954
0.737244
0.690813
8.70419
3.48431
5.33394
3.51658
3.73753
0.630069
11.6681
5.52674
1.62578
2.44457
2.48374
8.89215
1.39197
0.658775
6.5154
5.22169
1.12333
9.4423
0.114073
0.557801
1.04114
2.239
7.56288
6.35064
5.48852
4.34906
2.16294
0.854857
1.7272
0.926286
1.26606
5.56383
2.594
10.8802
4.32992
2.0916
2.87451
6.01385
8.98736
7.85066
9.45462
1.65796
1.53712
0.931413
3.81283
0.38
33.366
6.93489
0.651801
0.899221
2.76786
7.41849
1.20124
2.84517
0.168183
13.2481
0.560489
1.54819
3.28937
7.86988
1.48883
1.20346
1.65966
2.39524
1.16675
13.1922
7.22096
4.7929
4.28837
2.20288
11.9216
1.10261
0.605794
7.83047
5.98933
0.0920991
6.89102
0.60818
11.2672
5.31568
2.1224
2.40968
1.21067
2.01204
0.0897258
12.2885
7.69653
2.49985
6.54636
8.90561
10.5103
0.694065
2.10359
14.2426
2.24859
2.16979
0.42047
4.24189
7.48934
9.29596
3.39914
8.50001
5.14638
2.85797
2.17175
2.14743
1.65326
12.5739
4.91954
6.82423
0.857146
7.48988
1.45146
4.73449
9.64144
1.88882
4.68814
0.672929
2.33932
0.715274
1.51813
0.673552
1.13336
6.94198
0.367964
3.07088
16.5172
1.33728
1.10023
5.75921
0.424122
9.62885
0.827692
0.640171
8.28065
14.4292
0.232945
0.310773
8.85162
0.760976
8.07647
1.29054
2.54759
4.57139
5.32405
0.27612
21.475
8.36469
2.66859
0.161781
0.571719
18.3389
10.0915
5.5597
8.98996
1.36047
6.31046
4.45443
1.25861
1.29231
0.00787429
2.96935
2.63618
13.5157
0.113589
3.60258
2.36204
9.81311
7.89629
4.70123
2.01587
4.8909
5.30475
5.1696
1.49958
0.131721
21.73
1.16439
5.14066
4.10859
2.36551
0.643093
2.98107
0.740851
4.40703
3.91099
3.30438
10.8842
0.425583
2.25173
0.5313
1.77774
9.2153
12.2094
8.79918
17.5829
8.39073
7.99428
9.15653
2.97756
5.13744
5.91964
8.45756
3.15753
1.07609
2.5671
13.3431
3.14813
2.37765
3.64486
1.29228
11.4764
21.2893
0.736668
3.06689
5.84197
1.63569
2.63205
6.73405
0.15877
1.81154
1.06997
8.3883
1.60701
6.325
2.62654
7.68728
6.40594
4.30261
5.01113
8.01221
0.00137694
4.94155
2.12654
3.19194
3.38841
3.77107
1.91766
9.75699
0.742511
2.54699
2.44624
9.3682
0.288859
3.05212
7.25218
1.73005
16.3404
83.6699
35.0221
6.76655
2.15224
7.96253
1.10947
4.59064
3.91344
1.44971
1.12583
4.28568
3.60525
6.8857
4.68272
22.8467
8.0086
4.04591
0.793053
0.565902
3.70942
1.41381
4.2388
2.03507
5.67705
0.359449
9.31007
10.4479
2.01788
0.785611
6.81435
5.42194
2.57738
4.39771
4.05349
3.40724
4.76609
12.94
4.75863
1.48115
0.202357
4.84733
2.10408
0.122318
0.94005
4.71732
2.7569
4.20172
6.55357
2.34181
2.27572
2.36024
0.452938
4.37473
2.70785
0.587202
1.96716
5.77853
4.15038
10.2736
3.79494
18.3528
0.310661
3.22506
0.583412
24.2546
3.98715
5.99832
0.680457
3.22163
0.305905
2.9449
12.5038
2.89473
9.77767
29.3493
3.98479
0.663569
9.36459
1.0552
5.45837
5.33953
18.0955
3.05891
0.867879
0.749379
1.66572
18.0528
4.55597
9.55975
0.324752
12.9931
14.9184
3.14305
1.65804
3.08325
2.81783
10.0548
1.10717
2.42876
7.11887
8.41608
5.58498
6.39322
5.75003
1.88429
0.922516
5.82443
12.6875
0.906198
0.0191287
0.969782
0.980998
1.10356
5.51722
5.61123
3.64369
1.95341
3.14586
1.93438
0.491614
10.218
2.94503
0.799523
5.27843
14.235
10.7002
5.4077
1.14024
0.933737
0.0810259
0.904096
0.577521
2.24076
4.1178
16.5989
1.40846
0.120751
0.152503
10.8653
10.8732
12.2221
3.96375
0.947191
3.33786
8.42131
13.7921
4.37411
3.9804
3.19096
6.99866
2.01967
0.946481
3.59708
2.39362
8.8061
17.062
0.0239465
1.79331
3.03087
11.057
9.27453
1.44078
6.61962
9.14906
2.74923
6.16322
2.60332
3.73591
3.7281
0.479986
2.58496
7.61929
1.53799
1.83983
1.02264
7.06579
4.84678
5.18306
1.98238
0.837553
1.01888
3.03668
3.80906
0.88624
13.0029
2.63018
0.158421
0.915321
4.16275
21.1443
0.755621
2.0291
1.84893
2.18731
0.888867
1.94415
2.38681
5.1274
4.61042
0.192056
2.04062
0.407211
3.92663
3.37774
1.69748
1.45657
2.89303
5.37371
1.9695
0.00832867
18.0036
0.531637
1.91639
15.5631
2.1483
0.904052
21.1643
0.618992
0.213937
16.2153
7.69213
1.24481
0.534926
1.46892
2.87692
1.39203
1.66056
3.98397
10.6982
9.54088
5.55041
4.07782
7.09064
11.6138
9.59956
7.12928
1.33254
31.8565
1.5142
2.35034
1.77983
6.84271
24.0393
7.26887
2.79841
5.13144
3.11625
0.540533
1.00373
9.95205
3.49943
13.3664
11.4157
1.72067
4.95967
18.525
3.92685
8.8795
0.281846
1.05127
18.5035
7.2453
10.1964
0.164366
3.65359
2.35352
17.4776
1.07307
1.29755
4.54344
11.3411
3.98675
0.442915
7.50256
7.37213
6.16183
0.266665
10.7521
0.37166
26.1637
1.57299
3.46347
5.81284
6.90027
14.4702
5.8512
12.1392
0.939046
8.44597
1.66219
3.28772
12.0873
6.0732
2.54836
0.922235
11.6392
1.17902
3.97441
2.33227
1.52687
8.2176
1.34485
5.37808
2.0444
3.69209
3.01546
4.66808
5.49963
0.110031
8.55196
2.36858
3.90221
17.483
6.8577
7.8821
7.10855
3.01862
2.6107
1.40006
6.058
1.20284
5.41139
2.61322
1.61754
2.10149
1.79384
5.83019
15.4274
7.52949
11.6295
0.10947
18.2947
0.276253
2.63781
0.892947
7.94911
0.0582309
4.6066
12.7212
0.58226
3.93746
0.379216
4.06548
2.41752
3.2834
2.47913
2.62693
4.09479
14.1577
6.00372
4.45355
0.0560285
1.66174
2.45008
6.84806
4.16999
4.04065
1.56388
0.623075
0.881422
2.18714
8.25938
1.54442
1.06393
2.67601
5.22281
3.77155
0.378225
3.17388
2.38176
0.520458
3.39873
0.712513
1.2183
2.88385
2.17802
25.4206
11.135
2.15345
2.89151
8.08809
20.1339
1.79208
4.29764
4.01393
0.773012
3.53162
3.46409
6.54003
0.431045
1.22351
0.949312
2.43245
2.34699
1.5351
0.89973
9.7072
1.40802
11.1917
7.83085
16.6485
1.44338
1.67094
3.99047
6.34518
3.62103
3.33238
2.16831
9.77644
2.65693
0.103071
12.3661
16.0341
4.20397
30.7861
2.55849
4.42954
8.20864
2.62315
0.221888
3.94207
0.69688
4.27479
17.4045
5.71808
1.16098
4.14898
8.87992
1.73272
1.82686
19.08
20.9726
4.38181
2.02384
3.68626
0.42994
8.24453
5.72312
4.51643
1.14174
1.11823
0.895254
1.64799
1.0999
7.87651
10.2719
7.78424
0.475651
0.871812
1.41862
7.16567
3.63942
2.4862
10.1244
2.02254
4.5404
7.57541
21.6109
15.4342
8.65234
7.50378
5.79868
9.22417
4.94429
7.31359
2.52633
4.40049
2.72408
8.08733
3.24813
5.86839
8.3999
4.00276
1.74632
4.42137
3.21531
11.4453
2.80394
1.50498
3.11841
0.000195775
5.36567
0.481676
4.13118
5.68223
5.50743
6.83764
5.28445
20.0837
1.64038
7.63398
0.0259753
0.454071
0.305108
13.0707
1.20819
7.60156
1.46288
1.6885
6.70015
1.75387
3.20458
12.0383
12.8237
11.1182
1.44278
6.97982
5.75863
3.15656
3.21153
1.17072
3.53005
11.4027
9.01106
15.9352
18.0784
12.5318
0.804975
1.52509
2.52495
7.38001
7.36183
7.47421
3.03006
2.71221
5.05742
5.2078
6.77402
8.84487
1.5882
7.57567
0.994744
0.639149
7.74894
24.0507
0.402012
2.76634
9.1979
5.01936
14.4849
2.81369
14.5904
8.01129
2.36748
1.41707
8.82183
0.212468
1.29775
0.493581
9.88188
0.222326
15.4669
8.69295
10.1633
3.58693
6.93355
31.8838
2.70177
1.18876
2.58512
0.57652
2.24753
0.50948
1.14032
2.44769
8.67442
11.4734
16.883
8.49313
2.69646
8.5034
6.45425
3.06728
2.68158
4.4911
4.62363
5.50586
21.8823
6.71803
0.021055
4.9103
0.697332
11.3214
5.66342
1.98994
1.35139
3.00247
5.7088
1.49762
0.789079
6.08444
4.56622
5.87153
0.382851
10.5866
1.13428
1.22145
6.59502
7.70009
15.8761
6.28441
6.74455
1.08599
1.21321
0.103351
9.13672
7.15284
1.2335
2.72534
1.57836
5.64821
9.03473
0.259058
4.87508
5.0214
3.05998
0.579981
6.45919
0.0883626
2.66226
3.86284
0.53936
5.11318
2.86149
0.140971
1.38851
2.00164
4.99622
2.35617
3.93334
7.32346
0.411156
7.19259
0.247342
1.02035
3.17751
9.11564
2.06587
2.2971
9.61384
7.72557
1.63255
8.44504
6.07571
11.4086
10.2156
2.66208
1.00435
4.04216
3.78502
2.16137
6.46022
17.876
1.34153
0.759049
1.35738
8.08635
8.6383
2.5626
10.1205
4.61117
0.197135
7.03516
3.34434
19.2222
2.19448
6.54452
0.901876
10.5548
1.85769
5.65956
0.814778
1.69734
11.86
0.112091
4.47894
14.4655
8.84015
4.19791
1.18711
0.154251
4.36277
5.13118
0.842439
0.353527
1.83742
4.27018
2.29915
1.17882
0.177985
7.07245
0.337259
1.61032
7.36131
2.34368
1.80392
2.18814
17.0947
4.86804
5.98375
2.12776
0.838725
3.62845
4.16734
5.96051
5.83961
8.24263
3.07021
6.66152
0.882477
1.9863
0.062699
2.90479
8.18645
13.5226
4.14471
4.18578
4.28601
22.0261
6.5181
0.589272
3.57518
2.93931
3.21964
3.93714
4.39957
0.803739
6.46624
3.72701
2.11704
4.43115
0.167562
11.9818
7.08525
3.54605
2.6309
3.11074
0.886868
5.90918
0.176425
5.90059
0.942075
1.44325
14.6902
6.80176
8.57655
1.70337
2.02212
5.32904
9.01009
2.76096
2.91151
2.82316
0.304304
2.41567
5.16814
3.64917
1.17156
6.69379
5.83741
3.60074
2.28658
3.48877
0.660366
2.68576
8.3895
0.147799
3.88869
0.616195
6.60042
4.99879
3.98901
3.57473
6.13483
3.58814
6.38179
18.5756
6.10896
14.6379
2.40795
4.97349
1.01889
3.35441
1.81304
5.80519
6.02378
9.46687
3.36927
8.05997
0.987609
2.98761
1.33294
0.11877
3.75059
10.2708
2.06951
3.06908
5.61367
1.03903
4.54083
2.20931
8.59998
2.75044
0.266339
9.32208
0.746491
12.8858
9.69183
8.57777
0.112512
18.426
1.61195
6.65807
0.52222
8.83181
7.62031
0.062204
7.98217
4.6487
0.0868895
3.96142
4.92852
0.147423
1.86974
4.30239
1.93287
5.27234
8.41779
6.65203
6.67906
5.80085
0.694889
7.01676
1.90029
0.0161217
0.549619
4.21286
10.7627
1.18998
4.78721
1.37853
10.5273
0.464284
2.36574
4.50294
8.14299
2.46949
5.21881
7.99314
0.325722
19.7998
4.48114
16.2963
2.01197
9.96677
1.44306
3.2002
0.864954
10.2301
6.27219
0.202806
0.373517
7.807
1.02822
0.210919
1.35811
5.73865
1.07065
5.26938
2.111
1.59701
1.90639
0.114948
19.5955
1.29604
5.42618
1.25009
13.2185
0.31868
7.71444
1.70183
5.26685
2.42752
0.999327
6.74806
1.48655
3.8128
0.122962
1.65763
3.30556
13.6551
17.1584
4.42239
10.8352
2.12081
10.1735
0.0328895
1.065
1.86959
1.27943
3.56751
8.51726
1.24498
3.92317
1.06532
1.01093
5.17348
11.2049
3.41529
1.63888
0.748711
2.16754
1.01532
5.90825
0.429692
0.220586
2.23549
1.39872
1.76068
4.22774
2.42373
2.16235
10.075
1.70738
12.5507
1.93379
6.87399
5.43021
7.89532
13.585
3.6292
7.92408
8.27966
1.83742
4.31366
1.94973
0.527582
0.305034
5.86107
1.08459
2.84017
3.62707
1.94905
3.91782
20.6485
4.73845
0.034923
19.8933
3.74352
5.1532
4.93583
1.06168
1.67869
0.941785
2.93099
13.2105
0.778185
2.5324
10.2961
1.09026
7.05502
8.08042
10.1549
8.69373
1.98876
4.23066
4.62094
0.44
8.19285
0.577874
2.7
6.81512
1.95482
5.38957
3.50397
3.53427
11.4387
0.966632
3.01691
1.55993
2.62889
3.03145
15.4351
15.9605
3.29131
0.956979
5.77659
3.6262
11.8523
4.53939
2.55757
6.79615
19.6727
2.1224
2.39272
16.4736
8.83237
0.524302
0.712131
0.551352
7.69708
7.90521
7.57324
2.39099
2.16202
0.753168
1.39432
0.509421
0.123217
0.644871
6.08455
6.24624
0.465003
4.33246
13.3737
4.42938
4.45354
26.8371
4.29519
0.334077
1.5909
2.35699
1.48363
1.36207
8.31512
20.3377
1.60554
0.720007
0.228453
5.13153
4.32307
5.33051
3.83154
2.16237
12.6043
10.5739
0.403542
0.941213
9.55054
3.30269
15.6832
0.504671
4.55247
0.656639
2.84259
0.641722
2.52611
0.719875
5.4114
2.73737
5.59822
1.49093
3.20665
4.21901
7.5811
1.03561
1.326
0.838415
5.0207
4.58911
3.32355
0.51107
0.157554
2.10261
7.68479
12.446
2.66499
13.3896
1.54566
1.40822
2.61348
8.048
0.765407
4.41857
4.49198
8.35245
5.70439
3.63291
8.66559
5.37739
4.00746
2.41813
7.02752
1.08115
0.683555
4.10061
4.24671
6.04941
4.67686
1.53251
7.35061
0.624834
2.41683
0.262662
0.657526
0.242024
0.90042
7.8988
2.12054
1.6433
9.22153
1.26279
0.696515
3.54778
1.52263
1.77793
1.67408
0.584254
3.57378
0.793009
19.6044
8.64082
11.8462
5.81718
1.84458
1.28179
5.45793
0.88989
1.10765
6.00324
0.586786
0.42969
0.191064
0.680018
1.02756
1.33365
9.39306
9.74894
1.71804
2.29928
3.25697
1.12251
5.47171
5.85036
0.222577
7.21166
1.29193
0.0661472
10.7219
1.34331
6.26922
1.01801
0.325689
10.4655
5.10956
0.279134
4.22189
13.8173
13.5374
10.8353
2.22902
1.94246
3.88355
0.965373
16.8082
0.887943
6.36371
21.2688
0.877623
5.16408
5.40308
13.9325
0.377041
7.51916
1.06137
2.92435
3.43054
0.705068
3.44368
2.08389
2.4083
2.281
4.95386
6.46126
13.7093
7.41821
0.00650927
10.051
3.52133
2.72746
2.49638
5.32446
3.8606
4.88989
2.39345
3.2046
13.9942
7.34369
7.2623
1.5309
7.51634
0.460135
5.42736
4.17503
11.9608
1.80295
0.306758
0.763634
3.20899
6.35843
0.0480532
6.97614
4.88016
0.333549
4.72518
5.87386
3.401
27.6819
7.29843
4.3593
7.40514
0.125409
1.83179
3.14009
16.328
2.67373
0.84073
1.19895
2.28486
9.0122
4.50542
1.02513
4.33238
8.50394
0.275328
3.14779
7.37822
2.50805
2.8469
1.9714
1.7604
12.086
1.79546
3.57468
4.77785
0.816867
1.44365
14.2458
20.665
3.49761
11.5673
3.36939
0.011698
1.61288
44.9467
11.6969
0.12655
0.241679
0.300676
11.6268
0.838732
3.82871
14.0017
1.82742
1.72308
2.28263
0.481151
16.1522
2.94691
5.3869
2.96029
4.38153
14.8255
3.63825
3.51168
2.32536
5.8193
3.86627
2.72061
0.226946
8.14255
0.529203
15.9613
4.34078
5.77577
5.13197
0.575336
8.46984
0.311661
5.02877
3.70875
0.919185
2.34532
6.80969
5.29189
5.5437
0.612161
6.73013
4.57308
13.4068
1.20413
0.315444
4.3271
2.25401
17.2194
0.966762
8.40903
1.53702
11.714
4.15186
0.247434
3.27686
24.0006
6.01116
0.628352
8.39342
3.35075
0.0101842
1.10519
0.36603
2.69962
3.13298e-05
0.556399
17.9637
2.7688
4.53387
12.3815
1.8903
0.164454
8.13878
4.73938
1.29131
2.58719
1.55102
3.17154
1.13023
2.38825
5.18949
21.3837
4.41904
1.37874
2.80313
5.87648
1.20156
1.57154
15.3386
0.109586
2.18193
3.2655
0.716793
5.81329
1.2464
1.62239
0.735672
4.19067
5.73633
6.32639
6.36031
7.67558
1.50214
2.5463
29.3079
0.843541
1.09483
0.629817
0.848698
8.97709
0.315982
1.62012
4.82638
4.40115
2.16835
15.3664
2.22074
3.39405
0.791715
1.57055
3.67911
4.31263
9.93857
1.81358
15.3514
0.0604159
9.83312
1.27229
11.8896
1.48031
15.006
1.3754
11.6055
0.615063
2.29082
3.61461
0.0844277
2.66114
1.98376
1.64898
4.37359
8.75094
13.3024
13.7375
10.2935
0.580379
12.4142
3.62617
9.63902
0.715917
0.73225
5.06765
0.776555
6.10762
4.94037
10.212
10.0705
1.51349
4.72007
0.123341
3.75253
15.9525
2.28772
13.5314
3.99195
16.3898
1.75567
6.54057
4.30882
3.04414
1.03595
0.940466
7.37713
4.07163
3.9757
2.03523
0.131261
3.27215
7.21008
17.8893
3.31819
8.91252
7.67127
0.738589
0.148358
2.2783
9.76374
2.25203
6.54946
5.21167
2.02064
2.1237
1.3708
0.727147
8.35667
2.12591
0.536136
11.9604
1.08241
3.69756
1.32072
3.62147
1.14136
1.01181
0.341789
3.48032
19.8612
3.49021
3.74774
2.18003
2.26773
1.9789
1.61929
4.7457
3.00535
26.2893
3.42802
10.2214
13.506
8.67534
2.95087
0.197913
1.57593
6.14564
0.813963
15.9344
10.0624
4.72689
13.7839
8.47609
12.542
14.8983
0.178178
2.40725
0.944957
1.59331
1.67374
1.70095
3.9232
1.31548
0.00986869
0.753441
0.16086
0.577272
4.77016
1.09633
0.818936
0.862034
4.71742
3.98496
2.40841
4.51808
3.01551
5.85582
6.54578
1.82565
0.767248
11.421
0.567603
4.97895
17.2796
4.58661
0.707511
4.95498
0.685045
13.0979
11.159
0.151498
4.66885
5.77048
0.198015
4.59116
1.32548
8.22366
0.915226
1.77699
0.353799
0.872959
3.31587
8.3794
5.74832
3.39346
0.761921
3.76575
11.8966
2.85211
1.31025
3.18111
1.43011
8.32334
1.23687
1.70894
5.2915
1.17024
1.27897
1.90773
0.478993
2.29764
0.0396868
10.4013
9.89511
1.10542
5.87579
3.4194
1.48975
3.66384
14.7035
0.569487
1.65146
4.18346
1.11004
0.603481
11.6077
9.49088
4.71471
0.0345775
8.79617
1.27271
0.0991056
9.60795
11.051
5.14156
5.13687
0.0193346
10.046
1.34424
0.494693
1.42974
9.87631
2.9829
3.65558
4.51811
3.32509
7.01397
0.0275227
1.50888
0.909717
10.1953
4.03235
8.73734
18.5367
3.53113
5.85859
4.82881
5.84939
0.133336
1.58142
1.00175
2.73136
25.5344
1.33492
0.740449
2.73661
1.06602
0.53926
2.08572
2.81721
5.70154
3.09422
1.86069
5.00594
2.46857
7.09135
3.21505
2.7461
5.15399
4.17582
0.361556
2.83542
3.13264
4.61984
4.7843
3.22329
17.9186
1.31593
0.822216
3.61609
2.81998
19.273
23.5095
2.7715
8.49192
5.54047
3.83464
1.09675
1.80795
7.62294
13.9331
1.08296
0.15381
0.786153
1.79897
6.56347
2.02293
3.34609
22.1753
7.2359
2.94282
0.142629
5.38796
5.34836
0.915159
0.581158
1.42812
7.53033
3.74906
2.93505
3.75203
0.837014
5.27471
4.50685
0.773821
9.00737
12.1847
4.60943
6.14467
1.11299
0.328424
3.34574
2.38972
6.02278
9.29198
2.63029
1.45197
11.5426
1.34622
0.960973
7.26568
12.8779
8.4127
4.0925
3.97975
3.33046
0.21039
3.80245
7.62657
4.50083
12.3563
0.861478
0.19032
6.33883
3.57394
2.61261
0.301658
0.0553623
0.354725
0.302321
0.582738
18.8865
2.41982
1.37741
0.0965293
2.24395
2.7123
8.5942
14.1056
1.88879
3.92522
2.0307
11.3443
5.18743
3.77996
2.30717
1.28006
0.831482
12.2375
0.238608
1.25264
4.68062
1.28291
4.19376
1.01194
2.69563
1.01421
5.01517
7.57637
5.95791
0.197286
1.40985
3.87557
8.90135
3.10713
5.19031
16.7279
6.53764
11.9577
2.03905
4.22537
16.7723
16.5853
4.48237
5.11864
0.13585
3.43433
4.03496
6.91252
1.71386
2.44898
3.44077
2.91891
1.79905
13.1476
0.0368218
1.91543
6.99824
20.4815
2.79865
0.493957
0.0283028
10.1292
3.0143
3.2077
2.89127
2.11572
5.58889
0.100531
4.01471
1.87703
2.61648
7.62781
3.42251
3.87651
1.74757
4.0524
9.95831
2.34227
2.03216
0.825497
10.061
22.1091
0.583506
1.60139
0.0729941
4.33737
10.2161
4.83538
0.49028
8.14833
12.0186
19.2838
7.09102
1.16597
9.46427
0.944857
26.9721
5.46075
2.12713
7.40279
1.31376
4.05621
3.98558
1.88469
0.467934
4.05664
1.10791
2.54528
13.2777
0.714324
3.41341
0.524047
2.25242
4.28164
7.0411
2.33531
5.70587
0.582226
2.92671
12.9437
4.02376
12.8892
6.38146
5.49041
6.01305
0.126775
7.67835
1.49711
9.78006
0.709623
7.80549
0.640391
3.09446
6.93892
3.51327
0.0371795
3.58441
4.68654
0.0855981
1.64602
2.84525
1.03367
13.8126
13.1385
7.54632
2.83072
3.40928
0.377138
0.41887
4.91731
14.5044
0.195882
6.15203
2.81555
3.55755
2.57066
0.411643
1.56194
2.28787
1.42005
2.32734
10.2105
0.955826
3.29184
0.504499
0.385445
15.5093
1.50857
2.46391
1.08096
4.72081
22.0866
1.09871
4.27723
3.02666
0.931353
2.28682
0.00677627
7.18419
2.11228
0.513191
3.12546
5.88878
16.4768
1.24502
5.20142
0.973296
11.7303
8.33535
9.43095
1.4128
0.0516035
4.19464
3.06336
1.53767
3.59285
2.95724
11.4825
0.271841
2.32168
12.253
3.74729
4.98062
0.171583
18.6045
0.335057
2.18057
3.89953
9.41568
2.98368
16.2357
3.0456
9.76931
0.0936507
10.1166
9.38946
0.0331628
0.552869
2.18033
0.0408119
4.92903
5.35667
6.81432
5.10229
1.48538
4.56459
3.32063
0.214304
0.771015
7.00368
3.38394
11.667
1.75151
10.3095
17.2095
0.588288
4.24006
0.743312
6.34512
2.99277
7.46151
10.2997
6.57606
6.1256
2.6452
8.62228
8.3908
9.25229
3.71577
2.56494
4.42279
2.91434
6.66443
6.72633
1.58337
16.0207
6.76119
5.80208
2.77129
2.66799
9.30655
0.185191
0.602134
11.0457
5.76895
2.65555
1.69607
10.0571
1.43284
6.05445
5.41755
2.736
0.0959991
4.7488
3.29083
1.96471
0.667875
3.62282
2.59426
2.77029
3.29109
7.81999
2.028
9.65524
0.256984
0.00994631
2.55649
4.07033
4.69932
8.62998
2.79671
2.24023
2.7829
7.98731
0.523097
3.31106
3.23151
3.21626
4.20812
0.0665085
0.424599
1.98071
2.39382
1.38118
5.05439
14.3559
1.07684
2.84256
0.307539
4.72204
4.4818
10.0853
10.8442
8.01341
8.44399
0.26852
7.93465
0.449865
0.771242
2.60918
1.21399
0.403265
1.85989
7.44663
4.69202
1.31663
17.6205
4.04239
10.8566
4.13599
7.15087
5.04237
1.24906
1.27018
2.69579
3.46015
0.547685
6.81758
2.89582
13.0245
7.60682
0.633063
7.45352
8.79759
0.241023
15.8626
8.46517
0.973895
4.12265
0.648721
0.393995
3.8765
1.55779
0.790081
4.32542
19.157
5.1104
0.41379
12.3738
0.780051
7.18109
10.1747
3.56423
2.6716
15.6357
0.730922
7.56164
8.01805
15.3973
0.816623
4.04064
1.52449
12.0809
7.33291
2.65393
0.489837
3.03389
2.77301
6.61047
5.22219
7.84183
5.46543
4.85435
1.75179
3.99329
21.0341
5.76595
1.35151
6.91811
0.0450039
4.54896
2.31029
8.71214
1.02536
1.17266
5.46568
11.5557
4.76715
1.82504
6.35982
1.97779
7.40833
3.13015
0.695363
0.758693
1.16859
8.57749
9.64546
1.62183
7.75719
10.2485
5.75517
7.77247
6.83481
1.3344
7.53709
4.21071
7.38672
12.6493
20.2636
19.1883
12.1651
8.42895
5.96853
9.98463
2.71388
12.0784
0.164093
4.96972
3.42327
8.87812
1.55796
4.17132
3.50233
7.57272
0.00789757
3.73199
1.7014
4.96756
8.28864
0.326937
8.25495
2.65365
3.91111
5.49649
3.48174
2.21771
14.8486
3.56175
1.95304
4.92525
12.9295
14.9539
3.24969
2.8276
3.76774
0.247011
0.682243
6.25162
1.59039
0.721283
7.12997
7.75996
9.37867
3.00899
5.76216
1.18761
2.07987
3.04708
4.23427
8.13773
12.5722
0.892156
4.25317
24.7139
0.457111
2.46365
5.25148
2.09024
2.88325
1.16881
2.62504
8.39207
5.11235
2.8615
0.256446
1.6679
1.28476
2.25977
1.80954
3.59635
1.03747
2.07211
1.42063
9.07978
7.9601
3.83032
3.04589
2.43032
21.1842
0.43622
0.909803
0.586151
1.00497
1.55931
10.9514
4.07983
6.94297
11.5069
1.66859
11.5603
0.892037
1.36869
6.85537
8.35265
8.32273
8.90074
0.629235
2.82519
13.2423
6.73833
7.24828
1.23461
2.05608
4.43587
4.348
10.1196
1.0832
5.73152
4.40409
2.96643
25.292
0.990961
5.90969
4.2135
8.08128
2.89017
1.59339
3.12866
2.93125
2.77356
7.89157
2.04244
0.846965
12.3545
5.45968
0.721977
7.5325
0.789296
1.98052
15.2721
3.91288
2.42025
0.723746
12.8179
2.38638
6.54672
0.862367
4.03179
21.3046
10.0565
16.8689
1.06973
0.9344
10.033
2.44109
1.2757
8.2635
12.5097
0.44414
3.95855
1.50933
1.6487
11.6747
7.95533
1.59946
1.72799
0.237048
1.24149
2.43804
13.4528
7.39731
0.178131
1.2956
3.81683
2.07047
4.56696
5.74078
3.10869
3.22475
4.08486
1.18136
7.42294
4.69142
2.9637
12.1002
4.18625
1.52586
1.74091
7.2595
0.304118
7.88609
3.82886
0.920781
9.12385
7.85167
4.01569
7.93783
1.56215
10.4661
10.745
1.79091
8.81387
3.00948
4.59612
10.9763
10.7159
10.1339
3.53367
11.9477
1.62801
7.54543
7.36182
7.21033
0.969705
16.567
2.17447
1.50266
5.99303
7.33108
26.7272
8.94591
4.6108
3.89647
0.719821
3.49251
2.44505
2.54591
1.2213
2.0666
22.7949
21.2893
0.753929
2.92452
8.55062
4.17431
9.86024
14.4499
11.9412
1.59088
1.96729
28.2605
0.0283709
0.504532
0.964636
12.7858
0.192219
9.94371
5.53884
6.43508
5.99033
0.1412
23.6094
2.94833
1.80723
0.501797
9.90134
0.476281
0.442301
10.9618
3.14306
1.77525
19.095
0.483293
3.44248
1.99501
5.58954
6.52829
2.56872
0.977649
14.411
4.90788
0.383201
17.5067
0.834861
3.74235
7.54062
1.09239
3.82807
13.7765
1.35778
8.74262
0.343889
0.487228
3.47531
4.2386
0.22748
3.65982
2.97314
2.93273
0.978785
0.437663
4.74427
4.51887
3.70139
2.37342
5.51426
2.33429
3.85767
0.328175
6.11863
3.657
10.7364
11.4556
11.7699
3.53635
2.10548
0.583386
12.3771
0.288573
3.95725
1.70155
25.9423
1.16143
7.13765
21.7092
1.78019
4.61627
9.55005
1.37004
1.1923
7.31043
14.0104
0.45762
14.9565
12.3774
0.842221
2.96679
5.26247
1.43433
2.99551
9.23
6.45539
3.53932
1.55945
1.36897
3.20219
5.6033
8.92352
48.4012
14.924
2.72038
4.41417
3.22647
4.43594
5.55091
0.566271
4.9892
5.77356
1.80623
6.91419
6.04567
9.81846
1.90235
6.69333
1.66792
1.61397
5.35112
2.15675
5.00888
0.114688
0.669225
3.34009
5.22687
1.97228
1.75721
2.30053
0.811728
4.27047
7.66531
8.41762
5.00838
2.63608
6.80111
1.48172
3.11212
5.39045
3.54282
0.361053
9.81456
3.23426
1.85518
9.45513
3.87785
2.22108
1.29748
2.62564
24.6111
4.5285
4.89345
10.3169
0.581096
0.321191
6.10411
0.773324
2.59995
8.01339
8.08089
0.980684
1.99631
4.65841
10.7191
0.510919
4.22266
0.288249
3.68676
11.0594
6.77503
6.17559
3.60913
0.445534
8.89481
7.04851
3.05441
14.7681
3.54664
2.38082
0.677371
2.70263
11.6797
2.79441
15.4946
0.239247
1.55994
2.99838
0.684425
0.588263
3.4321
7.3481
0.959538
7.6874
8.25047
3.68263
1.40122
5.13039
1.1359
4.26667
2.10679
0.0195987
6.93071
4.74344
3.6262
11.9817
6.28767
9.83186
4.99065
3.21658
0.687366
6.52677
0.0840047
0.0728736
0.997642
0.531706
3.73698
1.30633
2.06799
0.449147
13.9566
0.264972
3.34504
1.02363
3.3058
2.21244
4.41767
2.09072
3.42997
0.929893
1.73258
19.6528
0.167427
3.1691
9.77605
1.26984
3.82896
1.9334
9.57124
7.1717
2.15314
7.24507
5.82502
3.89416
4.13234
2.48398
1.9247
23.131
2.80342
1.42802
3.6729
4.19895
6.27659
1.46567
1.62218
5.00983
1.06359
3.24827
14.288
0.952738
11.9171
8.61409
11.802
6.10559
4.65969
4.34193
1.79105
0.769561
4.13779
2.5479
1.32515
15.454
9.85246
1.79084
5.21843
2.14857
7.21892
27.0478
8.34285
4.63138
36.134
7.65895
1.06992
5.61976
9.27929
6.93532
3.28791
1.41665
7.54568
15.7696
4.55027
0.761413
0.322717
3.61921
3.7854
14.7543
0.455228
4.72077
13.4365
0.227076
1.23479
8.36755
1.24466
6.26006
2.53023
3.32059
19.2643
2.30919
3.54053
1.55911
2.60349
9.72357
0.688541
0.94372
8.87191
6.55924
3.56033
22.9952
11.4198
6.17335
2.00402
23.9106
1.04404
1.58089
11.0636
1.52408
11.3192
11.2716
1.00346
0.547499
1.00792
2.28794
2.54523
9.08749
0.063389
6.56263
4.30074
16.4742
11.172
6.20624
2.41758
4.66699
1.31778
13.9941
7.09971
1.60047
7.31193
0.544912
2.44951
4.25831
2.25883
1.77317
0.297272
0.674848
0.050655
2.6566
2.30714
0.836121
0.58356
2.84768
8.14283
1.69349
5.80278
0.92294
10.3649
3.72253
1.09816
0.529651
1.8791
1.08154
1.02895
0.240874
3.26125
6.07694
0.703587
0.952688
7.27823
7.42662
2.62903
6.87227
1.15416
2.34004
5.26598
2.21727
0.00122067
0.541564
1.72927
0.584594
3.74336
2.39628
2.35887
1.18635
25.8936
1.70969
2.7956
1.37573
6.67773
3.59869
0.0577699
0.364171
4.69074
3.96459
3.06702
13.6566
1.80117
11.7791
2.87037
9.72369
1.01955
1.77985
8.24011
8.66988
1.149
4.66789
2.72642
2.32791
0.374617
1.251
1.96719
6.90428
2.04319
8.89028
1.01934
6.3086
8.55299
0.0360381
6.06988
0.449789
11.979
11.5407
4.50719
4.63096
2.89163
0.0957484
7.72165
3.09034
1.7181
3.44682
5.10615
13.7083
4.25512
7.82307
3.5091
0.361534
2.27522
1.73278
2.91815
11.2201
13.9888
5.61809
0.121762
2.12314
0.000461052
3.98929
13.2231
0.904332
7.37612
7.42389
1.98335
2.16548
5.71991
0.875436
3.22196
4.96945
0.84357
1.63661
5.36732
24.0284
3.12728
16.1814
1.96929
3.63271
3.4487
8.4448
4.00976
9.62173
5.4052
2.17053
5.92377
0.309291
0.798754
2.97692
2.99643
3.86058
4.53215
4.33427
3.42415
1.85567
21.8506
2.51649
4.54079
1.81021
0.392668
2.69593
7.23497
6.1656
6.77865
9.30573
4.63636
4.8665
6.798
4.25754
1.49772
2.53302
0.780465
15.3294
4.31796
2.70486
1.48706
7.88794
8.5451
1.14967
2.57971
1.529
0.432755
3.34728
0.161131
23.6894
8.50147
3.88286
0.589686
6.86983
0.685586
3.5928
2.3171
1.40093
11.796
8.33462
2.40831
2.4034
0.990419
1.11928
17.9692
13.4003
6.42569
19.4116
6.41227
3.29669
3.6878
4.01819
4.05093
5.3077
0.37684
0.818913
0.483091
10.6129
9.13345
23.8917
5.31669
3.72702
2.25672
7.62536
6.0739
0.512967
7.71016
1.1716
9.38604
1.41435
14.1298
0.874207
0.0349129
14.7342
3.95768
14.0206
0.968527
6.05961
8.55797
0.16793
0.558645
6.48973
0.75531
2.85833
0.165464
0.458117
3.20969
15.3939
4.88232
8.07776
0.457304
20.1285
19.1672
2.38858
1.93692
11.93
7.86233
26.9971
0.230918
4.05175
10.6739
1.25247
0.857017
2.6419
1.65577
27.5839
3.05446
0.272554
5.09402
1.2782
1.79604
10.3878
0.828282
8.0945
1.46801
0.806774
2.63747
3.32704
0.655117
14.7041
1.20994
2.56485
2.59274
2.35081
1.69128
2.50771
6.69243
3.34773
8.09802
4.55702
1.58183
0.98771
6.48392
8.16899
3.41087
7.39873
0.636988
2.49317
0.512829
2.29112
0.791671
0.763519
0.760678
14.2451
9.50682
4.90973
2.62812
13.0608
7.56338
0.455207
3.96808
7.2259
3.79027
4.82492
6.31102
0.667301
8.82448
4.15672
0.912381
2.02967
4.46532
1.24371
1.25977
1.3466
0.83777
8.03685
5.11834
5.50645
5.2391
7.10034
7.81981
1.16893
6.41289
0.285626
1.07824
1.36279
5.31494
3.41575
0.351763
7.61627
0.279405
2.83402
7.94313
11.8552
3.52584
11.9057
1.65039
30.8859
0.548921
3.14743
0.661515
8.03179
1.29541
0.178244
4.51063
1.7349
3.35467
6.89577
0.759571
6.85637
5.36359
6.07535
3.93446
3.3742
1.33196
3.588
3.44966
2.85966
4.06812
1.87472
0.418372
0.459389
2.36288
4.74393
0.825833
8.71362
0.265197
1.15377
1.99279
5.59515
11.0693
2.27403
7.11429
0.583527
2.05361
0.411973
1.71441
6.07174
14.577
2.27093
0.805961
0.436041
4.77691
13.2657
1.62978
0.46101
2.11736
1.77165
3.27233
0.372322
0.318423
19.1337
13.4877
5.87143
17.3757
5.90889
6.68533
1.30601
3.50152
2.77097
7.65123
4.32249
8.86995
4.73941
1.4965
2.12246
3.5527
2.4996
1.25976
1.17743
1.91978
6.38825
0.177784
0.540196
0.903963
6.64837
3.30932
3.00595
0.467384
10.2804
3.21595
0.131581
3.74181
12.4654
8.17341
2.48147
1.09166
3.87715
1.5922
4.23416
5.05896
3.82872
14.4973
6.4248
0.813822
4.07167
4.70971
3.05823
13.2277
1.55544
2.31874
6.25139
0.285328
1.4328
4.60868
6.24602
10.4012
8.27042
2.32725
5.81008
9.40132
0.503479
18.6778
20.8908
2.59488
5.2728
2.14642
0.282879
3.18094
15.7131
3.00055
0.757803
5.10244
2.85464
0.15759
3.09497
5.44215
2.04296
1.95337
2.39353
5.1701
9.63397
5.37392
4.24599
5.66809
2.43583
2.36667
3.91972
11.137
0.279881
14.4738
2.31265
8.93217
10.4722
2.61073
1.92901
8.84797
0.266016
8.45205
0.270426
10.0775
2.50156
1.21691
7.75017
10.0955
2.96489
0.665456
2.55181
0.618073
1.86142
1.95509
1.68212
2.74312
9.25427
4.22749
0.154896
5.76958
0.441923
6.44436
1.77163
2.81894
22.5862
3.28266
0.562697
11.5496
4.47275
2.96042
8.27627
0.708619
9.8503
1.71225
3.9271
1.17191
5.5543
9.89019
12.1589
0.0205169
8.69291
9.15586
0.453989
8.26748
3.28317
34.8414
0.992757
5.17849
10.2135
3.57374
0.439881
2.90056
9.40374
2.05525
6.69327
1.32744
9.72956
0.0137205
0.293535
1.67102
6.65761
5.81575
8.29977
1.0328
4.06838
6.15376
0.714643
2.75277
4.38797
15.6842
1.42533
6.35073
7.06224
6.23177
0.662153
5.67881
18.5989
4.68634
7.01769
0.433825
7.70172
0.733434
0.372412
2.10574
5.68686
5.38235
1.31439
0.93712
2.9858
11.3188
7.182
4.46968
1.20771
3.60645
6.16995
0.023363
2.14851
5.13274
0.1676
0.174911
7.62008
9.12744
6.66201
4.46967
1.13107
4.97537
3.67633
0.509927
4.10581
1.47199
0.604116
7.90101
10.3074
0.335361
1.84039
3.42173
1.15441
0.222544
5.32233
0.318202
1.63235
1.94917
8.56153
1.04496
7.33698
4.18703
2.50554
1.92106
5.21333
1.81151
0.579901
3.33999
3.26512
3.24479
8.63726
7.60797
17.1072
29.3407
3.14823
4.05923
0.297191
10.1124
0.00780413
1.19336
4.21123
3.71658
5.99729
0.41741
0.602619
2.03273
2.84056
1.50494
2.21006
2.81056
13.6403
6.51143
0.0953337
2.71385
9.09846
25.5235
0.0583407
17.0274
0.876822
2.43233
0.783062
2.7194
5.73025
1.28759
6.42976
7.03252
1.88394
2.2154
18.8641
5.33183
0.335252
16.7443
5.51572
0.0123833
4.26247
2.04739
1.14508
0.666668
17.0308
3.89241
9.83762
2.07311
3.17359
9.80062
10.8193
1.17972
2.77261
14.7257
0.230071
9.09758
3.61566
6.77512
7.72207
7.24451
1.39766
4.43052
0.871324
10.1508
20.6387
0.448264
1.26679
4.17326
2.04431
2.03321
3.67608
6.02345
3.61788
2.18804
7.19156
1.27124
0.960059
1.32076
4.82274
12.8119
8.55162
0.948052
10.6406
13.6952
6.26818
1.06699
6.50334
4.74499
3.72559
0.403797
16.1692
6.06187
0.408104
1.86236
3.38913
6.91321
10.5602
3.47777
6.16028
3.73527
3.59264
0.545236
2.24703
0.13354
13.9937
5.52364
8.68449
10.0274
9.56943
10.0601
4.40229
13.8922
5.88641
3.57039
4.17429
8.8247
5.88492
17.7423
3.23308
1.38368
0.0781041
3.45663
1.00178
3.41168
0.866679
6.87604
2.64952
2.2276
1.47072
13.5312
3.41256
5.21809
14.4577
2.28239
4.30253
3.56023
8.48919
24.2925
3.90674
15.1571
0.56195
5.36059
1.47683
1.2958
0.293963
5.11101
8.42694
2.93582
15.268
11.3611
3.37483
1.90452
6.69962
8.82447
4.11707
11.2955
4.58756
2.62625
1.14287
1.26672
2.51541
2.69955
10.2505
4.2405
7.48362
3.96866
5.11735
3.22417
3.72182
0.338679
6.66561
7.65509
2.43422
0.2222
3.978
8.79037
10.0252
10.239
4.34623
2.28126
0.908629
8.57049
4.83582
5.30224
6.46941
2.99138
1.11858
0.510966
6.27823
8.58729
7.48357
3.51042
1.53004
5.16045
1.85519
10.246
4.67812
12.7098
0.420073
2.11481
5.64404
1.84521
6.04598
0.920438
10.5342
12.7283
19.2214
1.75872
13.5451
4.7585
0.447374
3.37175
0.234242
1.25296
2.94164
8.71685
15.625
4.09502
1.66321
13.1074
1.16683
0.766666
1.23929
4.83053
11.0297
7.36682
4.80903
1.98559
2.59949
10.0434
0.392242
0.476822
6.68297
0.781029
4.28177
14.3604
0.216458
0.39522
2.11362
0.229668
3.92084
4.72766
13.5472
0.526216
12.921
8.12261
12.9989
2.58143
6.2837
0.312112
0.312875
3.1692
0.195505
3.35503
2.29243
13.6918
18.3911
1.92586
4.88231
7.8475
5.06223
3.69678
18.2786
5.35622
1.28754
4.52671
1.06226
10.5057
1.22782
3.49895
0.756044
4.06038
7.45166
2.69667
1.31186
4.97354
1.38803
0.551964
4.95527
3.41467
1.33832
10.1904
2.72517
14.0767
3.67693
0.346942
5.52697
3.82543
7.98906
1.73464
9.97112
1.40553
4.45303
1.67794
2.47655
0.67359
1.88735
1.2187
3.38277
11.1511
0.862933
0.840641
16.0516
13.8294
3.36164
6.11318
0.668706
15.9478
6.24187
10.3314
1.79419
3.72872
0.4041
11.6098
3.89915
1.53338
12.2809
4.63836
1.67163
1.22483
5.02409
7.1946
5.23473
4.68761
2.78329
3.99212
1.25206
0.475563
10.998
21.8126
7.40191
4.02939
2.41638
0.687531
1.1952
2.9582
5.85909
0.72505
6.26679
9.8662
6.51602
1.20927
5.13168
7.21342
4.97815
19.0444
2.0505
0.776813
2.96194
5.21678
2.4479
1.55586
2.61426
2.10537
10.0513
5.20464
24.7364
4.90613
10.4623
1.8864
0.136005
0.0309668
7.34792
0.163692
1.954
8.3973
12.8475
0.0590913
3.08311
0.988516
15.1433
10.0662
2.01717
3.95005
1.87307
1.57598
9.00379
13.137
2.85747
2.53117
2.53962
3.43842
3.15152
2.91581
3.44772
0.883027
10.5361
5.59911
1.33213
14.5552
2.36183
2.67527
1.03855
1.71212
1.30423
10.9945
5.90899
9.1851
7.84517
0.0252091
3.71701
2.36272
1.62806
12.2305
20.8123
2.00099
0.880765
3.49631
6.51648
4.93379
4.9823
0.635444
8.66541
3.98256
6.6187
0.09496
1.03301
0.719038
1.27568
7.1123
3.41251
4.21608
3.87933
5.21135
15.5596
8.8157
3.5611
1.45006
0.406125
0.974848
1.1016
2.46717
10.7393
0.200571
9.64044
8.73697
7.09816
0.0882638
0.451932
3.38287
0.368688
6.35238
1.87421
11.3659
0.828323
12.576
1.22084
0.74922
8.67201
3.17648
0.0363859
9.96474
1.95672
19.229
9.25654
7.35334
1.25454
4.32739
7.26776
4.07316
8.85155
0.529091
4.84884
1.63811
1.71722
2.67776
0.509083
31.9476
7.57185
2.2106
4.56006
2.30634
3.15712
3.23112
7.59331
1.05004
4.91832
1.24921
4.79973
2.37073
0.211014
3.91888
4.61299
3.16008
7.26355
1.43623
1.44147
3.15916
0.597448
12.5579
1.72702
6.89684
0.215659
3.52976
2.64852
2.50316
3.33775
4.72989
9.31586
11.222
4.49704
6.63578
1.59066
7.63153
1.2331
2.36973
16.7672
2.2108
0.225868
2.08048
8.42573
5.87685
4.53226
6.58731
9.55058
3.48302
3.38558
6.04075
12.735
6.60011
2.2331
0.586954
4.3654
1.99558
18.091
0.253561
0.357918
0.281882
1.80487
4.14175
1.23918
2.03487
1.31532
4.33952
12.0839
5.74143
0.872831
0.665113
2.48415
5.72045
6.82164
13.3638
1.61269
3.85869
5.24234
4.28492
2.77648
2.68184
0.60504
3.95051
0.0220396
12.68
0.920682
4.12595
21.0252
1.3445
7.01029
16.5486
0.530686
2.94284
0.348744
1.94004
0.0886305
1.76676
13.8571
1.99325
6.13739
0.173474
0.613598
0.0638971
2.69835
3.72108
10.8227
3.69613
14.5061
2.22396
2.69264
1.88293
0.147412
1.62446
0.992358
3.93834
2.70676
20.4018
13.7464
8.04348
0.551968
5.10324
2.65198
1.35246
1.00969
1.35424
7.14956
4.37795
13.8183
0.730039
1.21024
0.998566
5.1921
0.465812
0.300241
3.74366
9.84668
4.46063
7.40586
4.31672
5.38116
10.3867
6.00582
6.24505
14.8238
1.16891
5.69059
5.64935
0.392358
3.01008
6.11071
5.80357
24.9788
1.60105
0.925877
0.410862
9.4807
3.27594
2.38867
3.65884
10.1213
13.981
0.440411
0.38021
5.30566
6.00623
0.71346
19.0145
0.526366
2.38538
5.21641
15.1238
5.86051
4.76595
6.92077
1.41651
2.62065
0.342236
11.7813
0.667664
11.2905
9.47503
4.78762
7.13821
2.87582
0.917954
13.55
6.16123
3.0941
0.495643
0.747527
12.9452
12.4038
4.47321
0.400279
0.244994
5.57728
1.38089
12.2105
0.91434
8.51976
6.89052
5.9305
17.8538
0.753276
4.05697
5.86811
3.6906
0.300445
0.953818
11.8822
17.3291
8.64333
2.60192
6.43631
9.22777
3.86808
1.24328
0.414561
1.78776
2.71062
3.74031
3.74287
4.74622
0.664662
0.321615
0.206573
1.2765
10.4065
0.114063
0.371821
3.44397
8.98839
2.27804
1.81418
2.18577
8.88149
1.04179
0.664347
0.737621
1.25265
4.99007
7.1447
5.58828
2.10926
2.96945
4.50535
0.50682
0.675982
2.08176
5.39739
2.8675
2.76153
3.92854
2.73363
2.59594
7.41936
10.4257
0.293214
1.54457
4.163
2.11863
0.467637
5.17479
3.11145
2.99504
17.8216
0.483813
0.435257
1.11738
10.1008
8.92595
2.32385
3.4492
5.30197
2.60071
1.91776
0.512876
3.56366
3.25096
5.50484
9.53833
2.52777
3.39209
8.42391
4.05377
12.1218
32.8276
2.03414
4.4685
4.6076
1.48687
1.94244
3.30225
1.01857
4.64134
1.38871
8.6103
4.92398
1.94849
1.56755
0.860789
0.462398
4.5825
4.65839
9.39717
17.1915
0.913138
3.02222
0.103572
4.19056
3.83778
0.49525
14.3082
0.293698
8.04148
7.15197
3.6926
1.55335
1.24163
7.51553
3.24747
3.76851
1.52958
3.45706
11.9552
4.49213
0.131027
6.23816
1.78039
0.361645
6.21946
1.17387
10.0321
22.6895
1.33263
1.37028
8.23656
3.80086
1.64337
0.0831611
1.27998
15.1402
2.29853
11.4088
13.7103
23.5819
4.82097
5.26904
14.9043
0.320193
4.10376
1.34736
0.499606
1.1031
2.78042
0.103683
13.4906
2.17028
0.811694
3.22446
0.21391
10.3306
15.6942
6.14812
4.53088
9.82362
6.96159
3.31254
0.174814
3.14966
0.673067
7.54542
7.2483
1.36318
5.30531
1.72704
8.05508
11.5151
0.190374
11.1863
8.82313
7.67592
3.52046
18.2583
11.2406
1.34358
2.61354
12.0834
3.80906
0.857914
15.0587
0.00511117
0.94315
1.4039
2.88016
2.4088
2.47567
1.93829
0.0798225
1.02322
2.21361
0.500316
2.2294
0.734975
3.93282
19.2823
5.31535
16.2853
11.7143
5.3889
6.54782
0.841618
6.62001
1.04833
15.2755
0.455156
2.47121
0.95133
26.0107
3.27397
13.5049
4.50684
0.67947
4.32153
3.22632
1.90415
10.9332
5.53816
18.5555
0.282431
0.24037
10.0305
1.38698
2.77506
5.8444
8.51163
7.31661
6.93048
2.72104
10.3246
2.49174
1.07118
0.474802
4.16415
0.1261
4.24867
3.71674
14.687
0.923965
6.68244
5.67674
6.66189
3.38413
1.26843
9.29129
0.243328
2.06062
5.86094
0.301927
9.8755
0.3667
3.56333
14.3274
6.81785
5.56987
0.383379
3.71412
7.23102
4.40357
6.35449
1.75694
6.50746
2.46201
1.77546
3.13842
17.9575
9.35432
10.5635
8.94482
26.0132
3.74771
1.7204
19.9566
3.33259
6.27366
2.98512
4.99087
7.02987
0.681341
0.350062
2.99726
0.333828
3.35232
6.18043
1.43313
2.72489
2.43225
16.8122
4.93452
3.88227
1.15653
6.28535
5.13158
5.1082
2.66103
0.664795
3.02367
5.89109
2.2247
0.0678627
4.24944
4.95946
6.30388
1.975
3.00242
4.30957
3.58255
4.07187
11.8043
3.04367
2.08975
2.19239
1.08289
8.90143
3.53847
9.821
3.6052
5.27361
1.76234
3.37024
3.03102
0.899287
4.73699
0.553499
1.42531
5.63325
4.14207
5.71886
0.188021
1.63833
8.51065
0.927481
4.09584
3.44781
1.9713
0.357128
4.37023
0.636615
1.69934
5.94693
8.32723
5.82244
8.93294
1.83362
6.42936
2.46004
1.37777
13.9993
8.3682
4.90089
1.58442
3.71298
13.8701
0.319696
23.5714
1.80301
1.16477
5.26604
2.88933
5.71268
2.68881
8.29959
0.37162
10.2807
4.56807
1.03386
3.21561
2.69693
6.5473
5.83579
8.49459
1.88245
12.41
2.07214
1.81916
0.0388536
0.507394
10.1755
10.8231
5.6388
4.71162
15.9442
1.25697
13.1469
8.726
1.9856
2.90611
1.67805
5.33413
6.56345
1.87279
4.85347
0.931126
6.60393
7.63528
15.3091
2.47663
1.69474
5.63351
9.25419
3.7386
8.43884
9.43949
4.4714
4.34985
3.11194
2.03637
4.4143
5.1938
0.593744
10.0692
5.69643
15.7445
26.6066
10.4303
50.9042
2.25643
0.900373
5.41983
0.0741257
1.98892
14.7716
0.643217
8.42573
5.84538
9.26188
4.41502
5.22139
9.24746
17.7166
21.7687
10.7868
4.43446
4.86011
4.82143
1.42283
2.71258
2.26839
6.68753
0.954189
13.9534
2.44006
0.486596
4.28769
2.39285
1.27383
12.9504
1.32051
21.8168
15.4958
1.27638
4.17036
0.513746
0.800783
1.51263
3.35086
1.03509
8.88519
1.7207
5.94994
10.952
7.29997
7.52296
0.178494
2.62238
3.59906
4.83014
2.54977
0.0384215
5.32287
5.79864
8.26757
3.88369
2.5619
3.12178
0.321948
0.481651
3.324
10.2706
1.4163
11.0945
4.56988
4.83635
2.05145
1.54809
1.49875
16.8803
3.5245
5.77839
2.69097
0.224031
2.86848
1.67105
8.47763
10.1639
7.27596
22.8927
2.51663
11.163
3.05791
2.04458
14.1271
4.83719
2.57017
0.586941
3.9339
5.0028
3.58279
14.2636
3.06863
9.8711
0.0928494
1.26764
8.1431
3.09492
4.41325
1.0377
17.1291
2.47943
0.0488085
1.55049
0.889696
5.29519
3.61976
2.7217
0.920539
0.877987
5.57178
0.968043
2.25771
10.9334
7.19528
1.09073
0.243283
1.07871
3.72202
2.46556
4.41162
13.4023
1.116
0.853028
0.578105
0.585146
0.977323
0.217602
7.14664
1.31198
14.1425
5.81108
11.6459
2.68074
15.2345
4.23627
5.7304
2.43907
0.231877
5.00826
1.43853
0.294187
2.16811
2.67359
10.6197
3.99984
10.9933
1.31124
0.18677
1.29369
4.23944
1.44778
2.19997
4.73097
1.48226
8.35048
2.87071
3.50808
2.22788
9.81816
0.952654
5.60357
0.696408
1.09462
3.8008
1.02279
0.959919
9.26278
0.305316
4.37047
2.97998
0.572858
2.47492
7.36791
3.07392
3.28407
4.05998
0.968639
0.0614425
1.56614
5.89037
4.65431
2.98074
3.6225
10.8023
4.68026
6.99106
0.156348
2.70411
8.00024
10.96
7.19187
3.22006
1.63779
3.59507
0.442321
14.9987
0.0492835
9.41029
5.85661
4.01047
13.45
0.65403
6.75259
1.16913
1.64047
26.0329
11.1086
6.8209
1.76318
3.24225
2.34526
4.8444
4.80436
2.00349
7.78316
1.98797
8.11143
3.55022
1.82702
2.15225
8.54865
2.3113
16.9122
0.88341
15.7913
6.17693
8.82741
1.43721
6.45251
9.48879
4.08345
0.642122
4.33926
3.89886
8.28294
2.65378
8.06672
6.0855
5.31181
9.49035
2.08928
1.90037
1.01738
2.05486
10.4056
5.45784
0.314443
2.72191
4.37548
3.25438
5.49062
13.5803
3.24265
0.386582
3.38442
6.24247
3.04952
0.119601
1.48294
3.67059
9.40358
1.47802
1.22369
4.94966
3.3655
2.05911
1.9733
4.83267
4.89442
0.532122
7.64604
8.15042
1.689
12.701
7.10829
1.37259
6.22422
8.63169
2.9768
1.32357
10.1942
0.271422
0.194224
2.13045
0.368535
1.38745
4.7153
7.45938
1.51722
10.9064
3.7759
15.8478
6.62995
0.370769
1.20409
14.6024
18.1795
16.7118
8.33322
3.43999
0.604759
6.16851
4.48986
11.8729
0.323823
0.0010625
4.23268
3.55543
11.9336
13.1102
11.2941
0.560744
0.178017
9.84933
9.04908
15.6385
3.95314
0.0797692
0.043907
14.3134
0.324912
2.81865
2.75485
4.74774
0.586595
3.58105
0.486804
1.16405
6.76132
8.01271
2.05216
9.78979
6.971
2.05661
7.18871
15.7948
1.12864
0.558716
13.9788
4.977
3.87395
1.95245
1.67583
1.76231
2.89626
6.87982
4.83989
9.57462
2.87176
3.34033
0.319989
12.2796
1.35352
11.5332
0.545977
4.54032
5.52353
6.10027
2.03321
3.63941
2.36342
6.67772
3.49796
3.31452
3.21139
15.8008
0.331528
1.47968
2.36109
9.82185
12.3808
0.614046
2.10298
4.62335
1.76468
0.20035
0.759869
4.64261
13.4218
5.61073
17.2126
2.98839
5.76184
10.2402
0.550228
2.57788
4.38235
0.485847
1.7074
15.831
2.16929
27.2381
4.83606
16.9339
5.04015
3.50529
6.44176
11.2515
0.518701
0.93689
8.24312
7.39302
6.86936
6.56868
0.243167
8.70159
17.2597
3.30815
2.72537
1.97526
0.214864
14.5287
3.5829
0.699985
5.28446
24.1405
3.63376
1.12809
4.82085
3.42698
0.571426
0.509242
3.29501
4.59973
6.47086
7.70302
0.372014
0.529775
5.87077
1.69421
2.63485
1.72549
0.508142
0.760066
0.962656
2.83406
9.6974
3.56551
3.82501
0.784578
7.50231
4.35899
2.04326
19.9806
17.7847
4.14177
1.42364
2.97856
3.24786
1.27089
1.5466
4.1437
0.445974
1.01617
0.0510698
7.85654
15.3903
0.324687
6.41005
2.6573
6.99085
9.57498
4.80739
1.24859
0.0568401
19.6517
16.5849
3.92471
4.01271
1.77244
2.07673
3.49105
13.3752
12.5521
5.86198
0.785055
0.79036
2.39754
30.5581
6.72563
5.47102
12.0843
7.9845
1.04605
6.78416
4.78526
6.39195
3.43113
0.722618
5.16122
1.30771
11.5355
10.6429
10.4353
0.295842
4.52419
7.118
0.595216
1.50075
14.6503
4.59562
1.26711
2.59854
18.2764
3.18659
26.8508
7.79905
4.26615
4.67282
13.3226
5.82773
2.38724
3.76386
11.9435
17.6095
3.18019
4.73771
0.248434
5.69581
1.77493
1.24369
0.851394
3.2573
7.52732
1.7031
5.88884
0.124104
0.143037
25.3484
2.36984
1.01739
2.25587
14.8161
10.3922
0.178614
7.96878
3.16442
3.60095
6.31029
2.76926
3.28961
1.1429
1.80953
3.22549
9.77028
3.25594
2.52004
8.48359
3.92702
0.51216
2.05097
1.09439
13.8382
2.08965
0.656874
0.665834
3.59263
0.415616
4.15962
2.63765
9.86158
4.24411
18.5952
1.84196
0.804137
9.95334
0.496248
19.5886
7.30555
0.728774
3.86726
16.4496
8.68385
3.29599
1.87232
3.92689
10.911
1.66892
5.73591
1.53159
3.22876
4.98533
10.7128
5.06886
4.74243
1.06069
4.73575
3.39073
3.37269
5.18426
7.0597
5.09396
0.872568
2.41271
3.49642
12.6449
8.10361
1.91151
7.17593
6.79642
1.17475
1.24748
0.542414
9.66308
10.1651
1.87439
1.99424
13.5883
1.39364
2.27478
2.28159
10.0958
4.34134
3.24839
0.851372
2.6946
0.855571
1.89931
7.17507
0.25254
8.19995
6.76876
1.53813
5.19834
3.56352
1.39107
8.72571
0.848229
3.4829
1.8144
10.2789
8.51094
2.13747
3.10227
10.5197
17.5212
4.84699
12.4819
2.51615
11.9182
0.894405
11.251
11.7334
7.98709
15.0193
3.00485
0.321862
8.6035
3.89602
2.8889
10.1785
1.18109
0.251965
17.5745
18.458
17.4052
7.01585
4.11561
6.70089
14.6042
1.71469
2.37543
10.1732
9.74932
3.21846
3.02883
0.865286
8.30329
2.83858
3.25869
1.21458
5.30012
1.49789
8.53674
0.603301
2.27074
6.98183
2.17112
20.6113
4.50256
1.65242
11.5173
7.36237
1.08314
3.60575
3.99303
4.56878
0.731236
5.89925
7.71878
2.59207
0.13673
2.36467
2.19434
2.70585
1.11788
1.15551
18.3886
0.572947
5.33794
0.733766
0.193482
14.6618
5.50671
13.6892
2.65648
0.641318
1.12566
0.543876
1.51981
1.77158
1.8775
3.50429
0.218609
0.00425452
1.74826
1.05377
7.27774
2.47855
1.18546
5.20314
1.20829
0.287312
3.95895
10.4556
3.62411
3.55053
8.29769
9.78624
0.343597
0.96387
8.04472
13.8444
5.31976
0.442658
21.7073
1.21174
0.821843
2.97982
8.73928
0.596223
1.53301
21.5371
5.12595
9.54288
5.47157
3.8462
1.22123
0.921805
6.02527
2.13945
7.87155
2.71729
4.01091
4.34806
14.7404
5.16521
0.0562502
0.100247
4.78908
5.32161
1.34015
4.25168
9.31372
7.55064
5.11736
3.36483
1.02437
3.38039
8.7318
6.5605
5.24231
3.95328
1.3529
1.92051
2.50547
1.02189
5.94024
16.3363
3.17718
1.4955
9.90975
23.8702
0.227195
4.62352
3.74351
4.85185
0.595906
1.90655
2.45524
2.34894
2.16273
5.99385
4.57211
4.97079
8.63448
0.627999
7.3253
3.54095
16.1671
2.73148
1.22454
10.4323
8.09449
1.44586
3.55173
7.77632
3.2402
7.18292
1.98333
1.89213
1.38213
0.321285
1.95182e-05
0.339299
5.71718
1.36834
9.97756
1.03974
3.82707
2.35016
12.8147
3.90192
3.78093
11.4098
1.5561
20.2268
8.51881
0.924945
3.2382
1.40709
3.81672
0.952174
2.06605
7.68382
1.21449
2.4813
9.45686
2.69821
1.39819
14.209
8.11416
1.94753
0.421003
1.23924
3.52779
0.774189
11.2699
4.27173
4.42781
2.63067
22.5967
10.0646
5.02666
13.085
6.34788
0.320771
2.40605
5.70049
1.97082
25.4499
3.46432
0.682831
2.87072
3.72982
8.72589
1.52636
3.92678
6.33495
8.8557
3.2239
0.270434
11.1058
6.20245
6.13575
2.68436
0.39268
3.01786
0.105225
0.0328588
0.46828
4.75775
0.569806
1.36231
2.78937
1.53009
7.49691
3.79234
10.2943
2.98328
1.33909
9.62196
7.43743
4.90035
4.48769
13.8986
0.0956071
1.93412
3.62531
3.10387
7.35063
0.689321
3.03851
11.5565
10.3047
11.3125
4.11428
7.42386
1.82039
9.95417
3.20372
2.42003
5.80286
1.45887
1.23736
4.00701
6.04175
12.7005
5.03337
1.00617
4.18751
0.469482
1.73375
7.11143
7.78543
13.8464
0.39738
0.26862
0.591718
8.52071
2.01091
3.42539
2.66927
2.32398
7.39188
10.296
0.7871
0.103189
1.81164
2.70339
2.49663
0.94538
2.99286
13.5856
5.14619
1.16575
1.49745
6.46056
1.675
1.79411
1.99549
7.3303
2.43442
3.08791
10.6213
1.06716
0.950236
15.4552
0.238755
5.87519
10.403
3.94433
4.28617
1.2261
17.1979
9.85078
3.6309
4.15748
1.57367
0.891678
1.29403
3.082
0.860108
0.877273
5.35683
13.1419
4.84694
9.40478
10.1683
6.52711
1.9861
4.13125
7.60891
5.30914
7.00114
2.4739
5.88081
6.19733
6.4707
5.06784
2.3892
4.86212
0.949836
9.19308
0.314194
5.0027
2.41016
1.28413
6.90912
2.78613
0.115409
3.38799
8.11908
4.43371
4.48367
2.79397
0.530744
4.81051
1.3481
39.9571
1.87956
1.42857
11.8264
2.88299
6.49132
4.5607
1.37695
9.83519
1.07606
2.06042
1.37212
3.52414
0.453009
8.06659
4.78025
1.44123
9.2921
3.21992
0.19326
1.30483
2.88573
10.8966
8.15766
0.265007
4.56717
17.437
0.175447
3.67231
4.8289
8.31696
0.833838
4.80867
10.1038
0.765444
5.92763
0.134756
12.5454
10.266
1.52284
8.73875
8.16369
0.0724522
7.68129
2.47339
5.23525
1.23841
1.9204
0.790618
0.639276
0.892164
4.51824
5.48835
2.41577
10.0167
22.2157
2.29953
0.050005
1.43322
5.4789
7.52338
2.14737
0.81913
6.19526
6.15249
10.6634
0.302793
4.61429
1.15576
5.28764
6.0316
6.41515
0.888587
3.80355
3.51804
15.4501
1.57529
0.769305
8.77759
3.01245
0.339867
3.13851
0.765717
3.2759
1.87556
0.148817
9.9729
0.305279
3.13393
11.8624
7.21628
11.601
5.08829
1.55805
7.75891
0.513453
1.50877
10.4324
9.31656
1.5193
0.132434
1.9242
9.04848
4.96094
4.05223
4.6253
11.4871
4.47683
0.219275
0.766191
9.48769
0.0287356
1.89147
6.22593
3.21064
4.97615
3.38075
2.8885
0.58863
4.49881
0.873194
0.803286
2.79365
3.27874
1.58731
4.663
15.4354
0.0430507
0.468893
3.36637
8.5776
12.8794
1.13199
0.497502
7.97377
10.5531
4.66808
5.49164
0.401694
2.88165
1.04809
1.88165
0.419492
3.96208
4.97782
4.17982
11.2268
1.99201
12.8794
1.09474
9.9358
0.130622
2.45051
5.08381
8.56489
1.30162
0.772338
4.16487
0.404084
9.54907
6.97112
2.85369
1.25897
0.850061
5.97112
3.54721
2.007
6.02303
0.482561
1.52668
1.90944
0.0983115
1.3498
2.26245
0.232926
0.00195363
4.16944
7.14527
0.682872
4.08361
2.24269
6.15295
2.0785
2.86547
4.40594
0.108225
10.5323
0.794631
4.99026
24.78
5.40347
2.37642
14.345
0.574187
2.3406
8.62995
2.64911
4.06466
0.886007
1.5811
2.59275
2.56741
3.9088
0.630192
1.56298
11.7777
19.285
9.29163
1.29563
4.55139
5.42419
16.0132
6.34526
4.458
0.790353
2.23358
0.711481
1.1676
1.14578
0.0180017
2.57168
0.708521
4.29325
1.86514
13.7716
1.12541
2.84221
2.45655
0.327926
12.7629
0.317814
0.282969
7.08037
3.75729
3.42762
1.12645
1.36989
8.44236
0.204606
10.6756
11.2272
3.10626
0.455031
0.0252766
6.93601
0.298398
5.87227
9.22021
3.7151
2.01513
18.502
5.11308
1.89903
0.554817
1.20547
4.66885
5.93408
5.15487
4.84949
0.53842
8.20058
0.855924
1.89879
4.05799
1.16369
7.60423
1.21068
2.28083
1.47034
19.9146
10.1574
13.1929
12.3529
1.21083
7.1525
14.3355
1.71284
16.5331
1.06725
2.8026
5.80989
5.28241
4.52747
1.26961
12.6027
3.00838
4.11879
2.83392
4.58001
1.45647
1.07556
18.9608
0.265136
0.0581951
3.29991
0.670752
18.7101
4.18291
2.58956
0.0220243
10.1915
10.7756
1.35328
1.7334
13.2647
0.231367
29.6713
3.55067
0.182439
1.09219
17.6232
8.7361
1.43033
2.18792
3.38249
2.66542
7.67093
10.8064
1.27818
1.58356
2.80104
5.90861
2.98848
9.38385
0.639629
1.15411
1.39122
1.16485
10.6681
12.1175
6.04788
0.394297
3.24388
1.30731
10.033
2.35957
5.58872
8.95502
6.33021
2.13877
1.84474
4.83861
1.26975
1.71327
18.8938
14.0334
7.2302
13.4392
5.3417
3.21093
0.804415
5.40411
0.594126
0.0275567
2.34411
1.11347
2.14479
3.38525
0.698313
7.26622
2.13118
5.50844
10.2732
2.43498
4.74037
3.54163
0.492629
16.2331
0.59545
15.655
16.7754
1.94553
3.68977
6.38279
12.4566
2.22285
0.228965
1.68661
1.07006
0.358921
1.06162
0.661393
2.90752
13.2311
0.346051
10.4739
0.45222
2.366
0.823374
8.45786
5.2509
5.36445
5.88282
7.90713
0.576354
10.0411
0.114577
7.11967
3.12674
21.9184
1.50068
7.40596
5.2155
10.3238
0.37105
0.478292
1.29087
1.37595
1.82665
3.40766
1.91993
0.32369
4.35794
9.51758
0.129133
3.56232
1.53847
3.3761
3.36012
0.53777
9.28358
0.0154787
14.938
7.91827
8.19625
2.03441
1.04666
2.59158
0.308858
7.53663
1.2938
9.68041
1.66959
1.7515
9.81887
3.57352
6.30236
10.3619
1.24391
6.79919
4.62688
30.7821
2.32417
1.03075
15.7091
10.1624
0.66086
10.2175
1.37965
6.86916
4.0476
5.77501
9.07231
6.16692
0.167971
1.37459
8.99552
2.0007
3.5763
1.73271
1.64497
10.4515
8.61411
12.5065
1.06902
1.37644
3.89168
6.68076
1.07193
0.688278
2.5527
12.4821
2.92393
6.21365
4.29004
6.50829
0.789705
3.47233
4.22372
4.37643
8.18918
6.24275
6.52446
11.9248
1.17707
2.32337
3.38673
5.34166
2.80044
3.91811
2.71391
15.6725
3.75755
12.6929
4.56906
3.65904
0.985916
7.49868
9.9112
5.4542
15.5076
0.0658431
10.3655
7.50294
0.289602
8.4063
4.04022
5.04919
4.30192
5.22704
3.76117
5.26616
4.20882
0.115678
2.36483
6.06825
3.06263
14.4445
11.7093
0.142885
3.4089
2.76745
21.3725
0.328567
14.0553
1.19992
13.293
6.43309
9.42267
0.105501
12.3465
2.46248
1.50199
0.0993633
6.06798
1.03667
0.704975
1.28427
0.580188
2.12455
0.494081
2.41843
2.39818
1.94383
5.15344
11.9614
3.22724
14.0688
13.2658
1.80606
2.16402
3.50827
5.7843
5.56767
5.19738
2.30421
15.0786
1.67488
0.176907
1.49324
1.29758
5.56862
5.82004
1.88067
8.50728
0.559127
0.958478
9.26869
0.952097
0.675384
4.39394
1.70538
0.742624
6.4719
6.87691
0.793013
24.3936
0.829548
2.60738
5.11444
15.8711
0.108293
0.532151
10.2344
4.34225
7.02457
7.08326
11.0961
0.958208
0.494822
5.09968
0.505301
3.58092
10.3798
8.11324
6.17831
0.957544
1.4604
0.29758
0.532495
12.0428
1.77942
7.68321
7.58526
1.49106
7.90224
6.46239
18.5154
6.97536
17.3371
5.45196
2.79242
0.633374
5.91588
14.2932
0.987079
21.8668
0.432795
4.74625
0.89586
21.2785
4.90917
6.04882
0.0685529
9.87509
10.6939
0.865593
5.66056
1.3625
11.892
0.0194824
2.23582
14.9889
2.33393
7.38407
10.6747
3.94521
13.0559
4.11019
6.65467
0.438072
10.2318
3.01541
3.46661
16.8373
3.91262
28.7308
1.79144
0.323535
0.487823
1.89962
3.20396
8.27288
15.0677
3.36446
4.02647
0.0020184
7.64553
2.82588
1.40421
1.38761
0.101064
1.82623
3.56436
4.9363
7.59038
0.135673
12.6664
4.08221
1.67584
2.07482
1.5621
6.96292
4.50907
0.943426
0.064526
3.50693
2.93298
5.18181
9.0363
12.5487
7.29092
6.19126
8.30675
5.15015
16.4264
12.1531
1.57494
1.67706
1.49654
2.92883
11.0824
0.922448
3.46133
0.506753
12.8061
2.02251
3.91457
20.697
1.25875
4.21169
0.986833
1.84424
2.92481
2.25084
1.00687
3.40121
2.18386
5.62527
9.73009
1.48279
0.770795
0.643397
2.1248
5.34548
9.34936
1.88418
13.1686
0.435053
4.22833
1.31179
3.00127
3.19716
7.29003
0.0737943
1.31154
8.00904
9.59332
5.73691
2.06204
9.59733
5.4097
3.32184
0.786672
7.8119
5.12664
5.77215
8.31621
5.6713
9.62237
19.2333
0.836388
10.2457
3.5774
0.456702
0.712888
1.84821
5.46866
1.48831
13.7269
4.37583
16.6559
0.741216
5.18455
0.534731
5.48606
8.60776
0.536279
2.08991
6.13146
1.03851
0.983337
5.35958
0.480951
2.15388
2.28103
5.83623
1.62777
1.15586
12.2065
22.9505
2.37242
4.25437
6.1404
24.7699
2.7514
12.4093
0.780843
0.201177
8.41382
1.48643
1.23442
9.08627
2.13338
3.39344
0.538441
10.0912
3.95595
1.8142
2.57778
2.4747
1.92834
1.8134
3.96679
8.16426
2.47178
2.04413
13.6276
13.908
19.8837
12.752
1.07677
1.56465
0.164202
20.8443
34.8891
2.00382
3.88045
2.39342
2.72549
4.10298
0.402572
0.891228
16.3926
5.14822
5.14887
2.78425
2.62764
17.9416
2.36742
0.696798
2.05647
3.0352
9.09566
3.16455
6.77481
3.60952
6.43665
0.849366
6.51987
6.52808
1.19868
5.15091
10.5246
23.9579
3.6121
13.2458
4.18168
4.61522
3.01178
9.04674
5.52656
0.414237
1.76076
7.48935
9.65193
2.87229
3.3218
0.395837
1.51199
10.9678
6.12414
17.2852
1.09452
1.6846
2.3534
6.34944
3.85026
3.95493
6.8832
3.31278
2.96167
0.751575
5.08791
8.40582
1.46586
7.28215
9.35656
0.203808
1.83241
12.013
1.55226
3.71572
1.94154
2.77782
0.0142311
7.31037
11.0333
0.438789
0.417967
8.96516
2.50234
8.43876
8.03236
4.74696
0.473613
13.2934
8.76991
23.0243
10.4618
0.468775
0.696432
1.54429
10.5822
2.76156
4.54031
5.17964
1.43769
14.0402
0.786611
4.78842
7.89933
6.20213
2.44199
0.387322
7.87984
1.04678
6.64428
9.38101
5.38545
7.62932
4.57127
3.45676
2.56251
5.73807
4.29924
9.10889
5.5723
7.05568
2.06868
4.8512
1.6884
3.48509
16.0027
1.65744
0.07248
10.4684
8.79277
1.47829
11.5025
8.07717
5.98227
9.39362
0.783141
5.22606
2.33553
0.807151
3.34784
0.000463038
4.06397
0.700342
5.9667
43.5425
1.26737
0.524747
3.27501
6.99295
4.58709
7.30635
7.07631
1.22576
0.485801
0.801947
4.5143
1.778
2.99933
11.1329
4.21952
3.61517
13.3555
2.29964
1.44578
1.95107
0.71078
0.898181
3.52646
14.1105
1.7556
4.17786
0.21263
6.95079
3.0086
20.3886
1.04064
17.7274
0.184173
8.43371
5.37404
6.1793
0.759618
10.6062
0.742151
2.19073
4.45616
4.64975
2.60927
2.54095
1.08351
3.64671
1.22636
5.24505
7.45781
0.383812
10.2337
1.69771
7.87169
3.66744
7.13403
0.333015
13.4822
2.9075
10.8166
0.912475
4.54365
0.9891
4.11952
3.53022
1.0524
0.183803
4.78164
0.225636
4.52098
2.48611
5.78703
4.04316
0.191304
11.5802
7.39721
15.7311
0.307238
5.39483
3.61335
18.4476
0.513539
3.6934
4.01273
2.01478
1.06379
0.125031
0.343026
2.42757
1.75691
5.41649
1.18796
1.62152
0.154125
0.942527
3.56703
0.177264
2.70468
12.6018
1.12225
16.1591
2.30639
4.13113
4.74013
1.12705
8.95508
6.93935
9.90862
3.17185
7.18579
4.81814
0.149584
2.27461
0.0432091
4.80184
0.433338
1.69141
6.05849
5.97702
3.59381
0.0781728
6.48584
4.14501
0.0429105
4.86803
5.76025
1.00688
3.57734
32.5998
1.31519
1.3293
5.32453
4.72656
3.47258
0.0158759
1.6469
4.08159
2.22071
2.73108
2.95032
0.0616581
20.941
19.5008
9.38752
0.0565047
10.0387
15.7721
17.064
1.26848
23.1337
3.62519
1.55407
19.9566
3.33503
12.8889
4.95673
1.84267
8.13351
0.719845
4.25539
0.959183
8.09922
2.54332
19.9628
10.2216
0.0554896
3.38147
5.63694
4.30992
0.0844399
3.01513
20.9371
7.58491
38.5001
2.46672
17.8336
1.29223
7.33782
1.24781
15.6586
3.44522
14.16
0.840112
3.04942
9.21918
18.6783
0.154413
0.592251
2.63102
6.02646
3.95645
0.353073
10.8389
6.67144
14.863
20.9536
4.85294
3.46878
4.8775
6.06455
7.24533
11.0972
4.30684
5.00687
3.83342
1.67502
2.2336
0.979249
2.27173
9.41782
3.91215
1.5324
3.43841
2.96292
3.17961
4.46137
7.84615
5.88987
0.501254
1.19266
6.26487
0.0825461
1.06869
1.99959
0.0813554
1.47333
3.29863
11.0865
5.61509
6.6612
10.3682
11.155
4.38697
4.01583
0.013647
8.31709
1.36153
2.85546
4.38889
1.37334
4.95952
7.86306
3.52549
2.0345
2.56436
2.71746
11.4686
2.02129
8.08343
10.4106
6.84147
13.4329
1.17261
3.80722
1.63106
1.10658
8.12241
7.76464
0.981054
2.17879
5.51309
0.315633
0.953671
3.45995
7.36481
0.386727
14.4465
1.64444
4.59608
9.27239
0.641754
3.38537
2.10482
5.17488
4.21574
0.252177
5.2208
0.798035
2.47252
9.67612
1.1389
4.62839
0.0496221
18.4044
2.9612
1.60144
0.74028
13.476
0.273956
0.547301
4.42857
3.17368
0.0782187
10.5429
2.97927
7.96385
0.549308
4.97877
6.77947
4.02541
2.59556
0.0802966
6.99544
5.44667
2.93845
10.4423
19.2432
9.9771
19.3871
0.131062
8.77987
7.49525
1.68718
4.02172
9.99623
6.116
12.8021
1.59221
4.47084
8.62006
3.3014
6.11631
1.25997
7.43229
6.38413
0.958576
0.612755
3.52751
5.66778
0.270955
3.97919
4.92584
5.50527
2.02304
6.63365
2.34687
0.00288163
5.75272
0.986882
2.92353
18.1773
7.38725
1.96823
0.613459
4.56551
6.46869
7.60201
4.41512
8.03456
0.520603
13.5956
10.0943
13.3259
2.97395
13.6673
5.26365
5.0135
6.47775
0.695809
2.93764
2.17844
11.9822
10.1549
7.83848
1.90174
2.07935
1.91175
1.94512
4.40595
0.200198
5.29147
0.940511
11.2715
0.928595
5.52253
4.49436
0.39486
1.27445
3.87104
8.66476
0.878928
1.9761
15.2067
0.583612
4.47458
15.0835
0.452723
12.7995
4.60543
2.1979
0.718659
0.649608
5.90528
0.0600163
3.80421
3.96298
0.00108673
5.28546
0.869239
19.9357
1.00427
2.06722
2.36141
3.82009
2.97016
12.3502
2.86141
10.8384
3.91731
1.13556
5.4785
2.01157
16.2762
6.60162
6.23635
3.99859
0.0244646
0.174694
0.404791
0.221404
23.2006
6.07235
4.02357
5.20158
2.26301
1.34492
9.34315
0.473236
7.4879
7.18438
3.45265
3.1858
4.58643
10.9947
6.89464
1.01474
0.50614
0.30807
1.70102
6.33634
0.840695
0.598217
1.18386
2.52421
1.62919
5.25839
3.05665
0.239945
3.50389
2.36685
12.803
3.76218
1.40125
6.30417
4.56036
7.66713
0.692916
19.4564
8.48822
2.50656
2.53341
13.094
14.3213
4.30124
5.68327
7.67164
2.54086
31.9165
4.63061
17.1894
14.4933
22.8527
0.0437983
4.34384
26.3563
5.39559
2.39948
0.115113
3.66288
2.49377
2.04168
3.11253
2.51228
0.182958
10.5198
25.8311
0.514725
0.622068
0.95148
2.65681
7.65641
2.11188
1.17973
2.96463
5.2404
1.73849
0.0276291
4.78793
0.896885
10.0097
8.74678
3.45
0.068457
3.91722
0.282606
4.61989
5.66039
0.231426
1.03518
0.328783
4.8327
5.46623
3.65946
9.96465
1.64927
1.66402
10.6603
8.74796
1.05492
11.6021
0.0442415
0.295643
16.7211
12.5073
2.6632
2.52971
2.82417
25.6309
0.995343
7.36933
4.02127
0.985947
9.97308
0.759335
0.322759
5.22471
7.5247
1.9865
3.24727
0.981919
6.76334
4.05503
7.58996
6.3658
15.4706
2.4341
7.71152
1.0635
1.49077
0.379321
10.854
3.94618
2.5394
0.29708
3.63001
0.601485
15.4927
7.07827
8.48492
2.27654
0.628949
4.38115
2.68312
5.06233
5.21501
1.71472
3.01142
0.888949
4.0172
0.33285
2.68437
0.42555
1.52851
9.80721
0.00876929
3.00052
0.462046
3.67235
5.69387
1.13446
6.29264
4.67405
4.10363
0.201919
1.16701
4.76294
9.22533
1.39647
4.37468
2.20138
5.60177
0.830769
10.7223
2.41952
4.84212
6.07478
17.8168
5.0561
0.173702
9.69555
4.80422
0.80758
6.27157
2.93295
4.59337
1.11871
2.87221
2.1458
6.27245
1.65757
1.95361
12.0069
2.68126
18.1944
1.64041
9.24439
2.14236
0.981839
3.69235
10.0782
6.35984
2.10308
8.48295
0.806839
4.53128
2.57279
2.33023
19.1095
0.858108
3.45637
6.91614
2.13203
3.68181
12.2627
2.14733
0.277857
3.5691
2.95523
0.878888
1.19287
1.71068
8.20195
0.263485
6.85161
4.53419
2.18136
1.43998
6.08607
1.27935
1.73021
2.00621
11.6999
21.849
1.98919
4.0551
11.4347
8.36311
2.6674
5.79745
3.97391
4.77852
0.0456224
5.36033
15.5972
2.87401
6.93028
1.43736
0.57456
3.36829
0.577215
2.92808
3.40572
0.0786095
0.940819
7.02402
1.83417
0.117038
9.28022
1.35762
2.7033
1.2034
0.758582
10.9899
18.2033
0.351518
0.0665927
2.2353
8.95109
3.57324
1.4146
4.37358
8.27725
7.08839
0.365925
0.472598
8.71675
11.1527
6.64702
1.63535
4.65111
1.13891
4.99132
1.865
4.52757
2.24419
13.5842
2.13804
6.1147
4.95424
1.17507
0.383848
20.9286
2.12753
5.25971
0.0353235
1.91462
11.0925
9.65931
0.164441
7.16547
2.23678
0.018587
2.25056
4.40653
9.21836
3.85823
14.1687
10.5839
0.650642
6.80492
3.96946
9.97557
1.63178
14.8291
0.674884
0.616458
3.59806
18.7415
0.342601
0.252165
4.69371
3.06781
2.25898
4.64369
2.29049
8.24624
7.72749
5.26649
16.7455
8.29264
4.93397
9.50602
1.28471
1.39282
1.63839
17.362
1.56399
2.45232
2.31537
4.40282
5.60689
7.28344
9.79742
2.31395
4.22565
2.32642
13.206
0.356127
2.96747
12.8295
2.34633
10.3512
6.26455
6.07522
2.70503
4.65102
0.491164
3.46763
5.66036
0.0621832
6.51527
3.68328
1.70576
0.217021
11.0555
1.617
0.252049
1.36026
0.939154
0.624584
5.12843
9.39686
8.19807
3.65474
1.26737
0.474971
0.419978
0.263469
5.92328
4.02563
6.64229
0.357811
6.35235
1.62882
7.19992
10.9622
4.61747
2.99819
7.51352
19.656
1.41117
10.4265
2.47552
0.058711
1.09762
5.08151
0.155615
0.144069
2.26039
4.94811
3.95503
11.4818
7.83684
0.918378
0.625107
1.06516
6.85645
6.5742
0.136761
3.26162
2.10303
6.24356
3.56135
5.5545
0.444373
1.53038
3.37851
4.78942
0.42923
4.83652
4.06029
5.0827
3.24158
1.02111
4.11989
0.269188
12.8585
9.20672
2.09391
3.99745
1.66177
3.07568
5.7391
5.51741
10.9206
12.8702
9.67004
1.46754
20.3401
2.64683
0.248757
6.22044
0.881124
3.61938
8.06006
1.37657
11.033
19.6066
17.2666
1.22781
3.29328
4.48399
10.1203
3.19425
4.4846
6.09616
1.48036
0.351762
7.56147
5.57748
3.09791
23.1286
2.13146
1.68089
3.12612
10.1882
3.02501
0.83177
6.58377
5.43982
5.90489
4.7674
4.86826
18.7186
1.44054
0.670093
0.202047
4.84281
4.31401
8.53801
10.9232
11.55
6.32085
3.14361
1.63459
6.83772
6.43249
1.72118
9.29518
0.446732
3.61509
8.17378
5.04821
2.4253
4.64329
8.96795
15.8015
0.930086
8.93283
1.42366
3.55336
3.25748
0.493305
0.112571
0.915007
5.77892
19.8527
17.1351
0.262462
3.32007
0.453797
1.23548
5.04232
0.874462
6.49586
7.23556
0.940508
10.9032
2.10234
0.950784
3.23692
22.7894
7.84705
1.91509
21.6769
10.7017
1.54793
9.92427
6.16163
9.5486
3.61416
1.70113
19.5573
5.60114
3.12793
0.712647
4.68939
7.34667
0.362323
8.9091
9.48308
5.68398
3.99852
11.2958
6.26775
7.63071
4.81523
1.76606
1.65099
2.84214
1.53461
15.1653
2.94821
0.464122
10.7032
9.56538
9.79821
6.86336
4.82357
21.273
2.2378
1.10536
3.78902
5.28038
1.23275
3.10532
2.40182
11.2994
17.8065
5.18149
3.0471
4.56973
2.72731
0.504693
5.46271
4.10928
2.49426
2.00969
6.9941
3.98021
0.961341
7.7584
6.61476
3.36922
6.31478
5.96034
3.66944
21.3637
5.25908
1.5683
22.0197
3.13954
22.9687
36.677
0.209409
2.31513
0.358135
6.57773
1.22357
2.03169
0.625102
0.968525
5.97965
1.03363
9.38547
15.3075
0.757554
12.5189
4.54491
10.9677
5.6793
3.53606
10.095
1.24951
2.719
11.2547
1.17967
1.58828
16.7948
4.6088
10.3656
8.52357
0.398347
0.274714
3.59351
3.71335
3.6832
0.81364
0.183128
2.80693
22.2732
4.9349
0.133684
2.65153
2.09194
1.15351
5.34384
14.5096
25.9619
4.27596
5.15139
3.05611
0.262254
8.5595
15.658
2.61962
0.10305
9.42495
1.01068
16.2877
1.26282
1.22673
4.92767
15.23
9.23571
6.9982
14.9609
5.36
4.21587
1.31449
2.79079
25.323
9.17211
8.71333
10.6272
4.32849
2.0024
2.02798
7.93632
1.31573
5.19135
1.11966
24.9362
1.78726
1.34513
2.37168
0.147887
8.74729
8.00485
0.0780489
1.90407
5.91119
0.596912
1.91231
4.66649
4.19087
20.9085
1.87422
13.3303
3.23814
0.707277
14.59
6.34874
10.358
4.40891
0.83568
9.68423
0.730809
2.98929
2.13824
0.795463
0.0891847
0.682762
1.33671
6.37941
6.72511
1.13023
2.32126
0.16213
1.39872
1.71106
6.23823
2.24534
2.55894
3.53862
0.537082
7.27859
0.298526
0.513096
0.977733
0.967745
3.84861
17.7251
8.52984
11.9006
5.95614
1.29479
2.76982
4.10169
0.92285
4.87604
9.37529
6.19438
9.31444
0.855606
2.68106
4.37778
6.03613
1.58409
6.26786
10.5829
6.25494
3.16955
5.43988
7.04926
0.383403
4.57401
1.02279
0.959635
0.277233
3.72857
8.88512
1.45432
7.91147
0.572294
5.98181
2.41819
10.3313
1.47196
0.307354
0.133883
0.31728
2.32097
2.78946
2.74241
3.16726
4.38815
1.15823
1.4254
12.048
10.7653
1.21351
8.33811
4.5954
12.8217
2.19877
0.0845683
10.4991
3.34984
2.869
1.59418
2.59812
0.725823
16.4456
1.97842
1.13094
1.52093
0.458781
3.59013
27.9646
2.62502
7.50362
4.19704
13.9265
8.87995
1.84951
5.91902
0.935786
6.52998
13.7571
0.426326
5.34492
1.07956
8.57517
2.99862
4.33867
6.13288
4.50842
1.65197
8.09134
0.824776
8.32132
13.3137
4.51006
3.70804
0.182025
9.65179
2.28419
2.61785
3.42517
0.211519
0.940431
5.5685
4.04692
5.548
10.7539
7.30314
1.46504
5.97682
1.84634
1.96221
3.01148
1.56622
11.0021
3.63371
0.666026
0.404184
0.873961
1.88362
4.8204
12.4775
0.974044
18.1324
7.38394
7.64929
0.91977
0.0628668
29.973
0.603688
3.65515
11.3325
4.04059
0.983951
2.17986
22.855
0.462436
6.2667
7.3009
3.54533
1.2568
3.41165
0.550255
3.30319
8.50726
0.494862
7.16884
0.302378
1.70185
5.9598
16.4891
7.07454
7.47987
6.4703
1.58148
2.00682
1.74775
21.3778
1.84647
4.8928
0.316231
0.323418
6.41946
1.00771
7.74574
6.19526
6.14486
2.42114
22.668
3.07687
9.12086
0.943788
0.0967313
0.139503
2.92528
1.473
5.18643
2.13676
11.7814
0.943702
7.56766
1.50311
8.30892
0.138843
1.69348
5.55308
3.62926
10.7399
1.7284
0.123252
1.33404
10.2712
3.68909
4.94921
13.0589
1.78244
11.5051
5.28216
1.78808
0.934049
10.9541
4.02245
16.869
1.14105
2.13216
8.17201
3.21345
4.55809
6.15225
5.25281
11.8409
34.4369
9.38279
4.30693
7.35932
9.05968
7.65373
2.55122
13.9262
7.32933
5.01138
0.540284
2.79963
20.0891
4.62165
0.146012
6.13416
9.44132
3.72982
8.67771
9.5162
2.02702
5.24758
6.97441
0.992484
11.0826
1.48353
20.2951
8.38879
4.32535
10.6682
16.7096
4.02877
3.07017
5.60678
5.18652
2.94303
2.72982
22.855
0.453216
2.84427
1.87464
11.4197
5.6552
2.70932
22.8389
3.74927
7.32354
0.72663
1.8455
2.42387
4.98402
1.52835
3.16294
10.2595
3.25861
0.366805
9.06364
16.0339
3.83408
2.00211
5.67845
4.3411
0.727478
7.4129
15.0382
4.45742
2.13633
15.4352
22.2959
3.57951
4.12613
1.46978
4.34994
4.60217
0.00934986
2.54797
2.30929
6.14399
3.79884
0.523773
3.80972
1.11881
6.07644
5.00078
0.0438687
8.44657
5.3161
9.23188
6.35966
0.937379
0.936213
12.5899
24.2745
0.377728
12.6667
5.00194
2.96067
1.63238
2.54936
0.991543
1.7683
4.3175
7.1381
2.13623
6.82602
5.96138
4.31199
14.8679
8.63262
0.0379659
0.726585
0.989263
0.0535803
0.772328
3.84144
8.28705
0.229886
1.38988
8.12038
2.95381
3.74045
6.95618
16.0723
6.94326
0.756896
0.0929997
6.36052
21.2564
4.21847
22.7686
0.295802
3.17297
7.16683
2.96431
0.269786
8.78245
1.62051
4.35146
6.66628
2.39421
0.322947
1.36247
8.913
0.303246
0.183413
2.17148
7.29317
3.19675
0.21629
3.85876
7.01466
4.31491
0.478307
1.60202
3.97148
13.723
7.04667
14.7593
16.7111
6.59136
3.37011
1.34327
4.65399
0.0996402
4.77842
10.9446
19.2901
1.16503
2.29229
5.16657
5.07331
0.23585
2.38858
1.91254
0.730797
2.68765
3.75203
0.823339
6.30452
13.6524
2.41398
0.73
0.530432
5.65091
7.20776
0.683839
2.50831
17.7439
5.00784
6.62944
4.71745
4.39048
3.08811
1.37464
15.7771
5.75724
19.7804
2.13887
3.76848
1.25399
0.752053
0.105548
0.364396
1.86224
1.25794
3.05957
2.25575
6.07523
2.78198
0.164964
3.09213
3.74054
11.5741
6.93138
0.937573
6.21715
17.4939
9.60725
3.97899
2.02719
0.13066
3.58825
11.6995
9.71929
0.347555
4.488
2.27951
3.00128
3.34683
1.5355
0.86006
0.137819
14.0451
0.777772
1.16111
12.6917
1.74474
8.87569
10.9254
6.83892
6.92092
2.31555
16.9801
9.63655
12.8403
0.860125
1.17205
0.185413
8.95698
8.44226
18.0335
9.18267
3.35494
1.11225
0.436791
13.0641
4.45712
13.3792
9.67548
11.2763
9.75884
0.129939
0.824362
4.98948
0.137364
2.99526
2.30918
3.19153
7.36913
2.56813
33.9355
0.192233
11.9138
7.51207
11.3272
6.20187
0.738222
16.5753
2.26732
2.88033
5.83208
13.9039
0.726235
0.877123
1.3459
2.19127
7.19581
4.8465
1.69752
2.0688
10.6491
2.07439
1.86715
4.24719
2.55065
7.5667
3.94522
13.5277
6.18758
1.25686
5.15356
0.304649
3.20647
1.45703
4.65967
3.97272
8.36461
2.23443
17.4489
1.49657
3.77001
5.22355
2.60009
0.374224
26.235
3.8747
3.28981
4.09264
7.02599
13.3046
3.09186
0.15762
4.1139
1.24294
1.04699
1.78568
3.80523
0.76403
4.77701
0.296427
2.96335
1.48879
0.579796
0.954334
2.0686
2.89385
1.21213
1.06374
11.5254
3.30762
3.50984
1.78721
0.694475
3.89848
1.24569
2.57494
5.69178
15.885
17.2568
0.98047
6.7277
3.17359
10.0891
4.66653
4.78486
1.13849
3.56214
18.4027
1.82579
3.35957
0.825155
11.114
6.34288
2.0397
0.161454
0.220726
8.34261
3.00171
1.61123
23.7103
2.83139
7.55729
4.30743
3.21479
19.0041
1.96824
0.735626
2.84411
0.0861121
19.3009
18.5441
0.640045
2.8688
10.4785
22.0272
7.40595
5.13595
11.6585
3.71674
14.5782
4.21512
0.82461
2.07621
2.18348
10.0815
1.20664
5.90801
8.92896
0.354881
3.97592
5.47647
0.242885
12.5957
3.92501
0.0893711
6.79331
3.71924
14.491
4.15904
4.095
1.48112
16.3378
5.41248
5.23496
10.4558
4.53322
0.163896
22.3439
2.29916
1.38064
1.54187
10.9912
3.03672
4.77161
0.387781
1.26389
0.0486638
7.68517
1.0907
14.6011
6.49873
2.48148
1.12115
22.2485
5.36959
4.53057
2.79172
7.71732
2.23062
7.0864
2.94608
0.591527
1.40774
1.02303
8.92201
0.806163
5.42216
5.28484
2.80793
11.4564
1.02422
0.449505
0.186582
4.8307
0.605418
5.55527
13.4598
2.23748
3.7005
15.1544
5.52036
0.936307
1.00939
2.74628
24.3342
4.90944
0.228687
2.50526
6.99742
1.83314
4.80654
0.673781
10.3869
7.94299
8.31108
2.61567
0.881564
7.06646
0.9076
13.6937
2.51225
19.112
2.077
0.490182
3.54586
0.516645
14.1287
14.1224
5.83889
0.316075
4.20183
11.5606
1.37262
7.65408
5.33415
6.90246
8.01185
7.04426
17.1035
4.46321
1.90507
23.9953
4.01146
2.73726
3.2093
1.48245
1.71991
8.32894
7.43936
0.491501
3.72506
1.33319
5.7958
8.18091
1.84453
0.66969
9.5601
1.32833
0.877485
1.47377
4.25826
1.70419
1.75867
8.78223
0.785309
10.5133
1.94728
3.63801
0.558717
14.3367
3.76759
8.31599
3.83608
2.95585
1.89933
7.96612
5.32811
7.15462
5.27946
0.780638
3.01402
15.2156
3.97683
0.272167
2.62808
9.58535
6.85247
2.00036
6.59789
2.22408
5.81673
9.01157
1.38704
4.42355
3.45833
0.219672
2.72279
1.69704
1.10259
0.200518
5.76797
2.37487
6.00224
0.479698
3.68639
1.7094
6.82324
1.85633
3.69498
0.447953
1.56687
3.28863
3.55358
9.57383
0.249646
4.052
1.50543
4.27154
1.91616
2.81031
3.03721
3.59146
0.934543
1.53047
6.2512
10.1222
2.08272
7.7427
3.86968
6.13036
0.575427
0.466358
6.56149
3.95902
20.8733
3.45933
6.53863
8.38983
1.33771
1.79285
2.3819
2.46454
3.39516
0.232448
3.1456
9.1836
21.8172
18.0062
2.09448
8.36256
0.352363
5.40417
0.957261
3.15402
12.9755
4.00242
7.63504
7.55927
0.209103
2.4141
2.51157
4.66753
14.6286
6.13545
0.668137
1.68903
0.0346345
0.0919959
2.61767
0.762899
2.17461
4.39065
6.0271
1.05683
0.546598
3.15707
2.38378
1.90078
0.694091
2.69939
4.03926
1.03357
5.55702
10.564
0.221135
0.666838
3.13018
1.00828
2.25625
7.26885
2.68299
2.30808
0.85232
0.549036
8.40307
3.86039
1.72858
3.14273
5.98108
5.10518
7.09613
2.31403
6.89429
10.8237
11.6509
0.260638
5.477
5.1055
0.790251
0.343128
6.10137
2.79275
7.23003
8.02036
3.60797
1.01292
0.506652
4.80706
8.19612
1.41859
5.60542
0.876178
4.21499
15.6829
0.267127
2.19489
4.85319
8.57107
17.3008
9.35405
6.80016
2.91223
7.47586
6.01201
18.6824
2.18011
3.93381
3.31987
6.59673
1.91261
1.74665
2.30886
8.16493
8.92498
8.74313
2.2973
1.74469
6.58133
3.07259
0.381313
0.463913
1.38106
1.99547
6.29284
7.97188
4.44529
4.5931
9.23247
0.160828
0.0205956
0.458874
7.95643
0.145902
2.13864
0.126176
8.63402
9.25748
1.55977
0.12778
0.404105
12.3051
4.03155
5.0252
0.742518
2.69632
3.78338
7.11187
0.793706
19.0991
2.50713
4.17681
3.64197
3.78129
3.17764
0.377982
6.213
14.7158
1.76482
2.31469
0.728374
2.37529
4.48023
6.21667
3.57056
9.43641
0.139822
3.3459
5.3137
0.234322
3.25792
9.67926
6.4863
22.4805
4.11833
6.91393
3.30903
15.0471
0.346628
5.77971
8.3883
1.6143
3.22524
2.68367
6.06744
5.19046
0.734092
20.6639
2.94693
6.10882
8.33893
0.634691
4.49553
5.58178
1.0961
3.83795
2.28999
6.79668
2.88481
0.800995
10.2064
2.69562
0.938853
1.62435
11.5845
1.08116
0.727354
2.67519
0.104466
3.56365
3.05613
0.484276
3.4405
18.2442
5.38526
4.25101
10.9127
12.6265
9.94312
2.53804
1.8579
0.804953
1.10988
6.11791
8.30492
3.25803
0.303501
9.23574
7.34464
3.41158
20.9674
1.93888
2.31057
2.82484
1.49084
1.40417
0.756226
0.431224
7.3186
1.773
5.54787
6.78696
0.180315
1.87959
1.97137
1.34822
1.83772
1.59413
1.59488
0.636709
4.18334
0.0974593
2.78983
0.733319
6.72246
10.666
0.397724
0.632918
2.11143
1.25894
0.462881
0.420159
4.70151
6.12297
8.39224
6.83683
16.4706
2.99419
2.60408
0.188228
14.9218
0.156543
0.267804
3.61078
7.28217
9.81917
5.28665
3.98012
0.222096
1.21892
0.39224
0.446009
1.73454
4.83786
1.53601
2.69392
8.85015
1.76887
12.6207
1.85586
2.84582
1.48553
24.4452
3.14407
0.536635
2.70248
4.5936
3.64916
1.04203
7.30675
0.351742
6.26791
13.7085
4.62636
1.88699
2.451
5.10645
1.70453
0.580107
0.550819
1.00339
12.1647
6.29328
1.21781
0.79793
0.464983
3.6618
5.15278
0.610883
13.941
8.77712
1.00535
1.80913
3.95596
1.93777
9.15766
0.277253
4.46764
2.63051
5.8416
11.1025
3.73772
2.62776
1.22996
0.739998
0.609599
0.620734
1.21179
1.64563
3.28626
2.37965
6.0892
2.09392
4.42703
1.96497
6.31156
5.09641
0.665098
2.11877
2.53552
1.15763
5.20729
0.786742
24.363
2.29874
2.13026
5.29332
2.04137
6.98634
0.560831
1.74529
0.829077
0.337652
3.55563
1.31079
9.92686
11.6172
26.8283
2.88452
4.66352
5.09493
1.99414
6.18795
4.33102
11.3342
0.698669
8.21911
1.22143
5.7682
4.80451
3.66064
7.32776
2.71133
12.0391
0.951719
0.393256
1.38564
0.0385195
20.0483
0.673421
8.5633
1.5449
2.29085
4.24906
0.422336
2.04763
6.97111
2.81774
5.87867
3.32739
